# GRAFO
1 68 12.000000
4 31 10.000000
5 126 3.000000
5 148 8.000000
6 95 7.000000
7 32 12.000000
9 19 7.000000
9 69 9.000000
9 92 8.000000
10 50 9.000000
13 104 12.000000
15 33 3.000000
17 58 9.000000
21 93 6.000000
24 95 9.000000
25 123 11.000000
28 50 6.000000
28 107 3.000000
29 39 8.000000
29 122 10.000000
30 42 6.000000
31 125 7.000000
36 121 10.000000
36 125 12.000000
37 61 11.000000
38 126 5.000000
40 111 8.000000
41 89 9.000000
43 47 4.000000
47 73 5.000000
49 149 11.000000
52 101 3.000000
53 113 7.000000
55 78 10.000000
57 103 10.000000
57 111 3.000000
58 94 5.000000
61 62 4.000000
61 99 3.000000
62 87 11.000000
64 69 6.000000
72 74 12.000000
77 123 12.000000
78 128 11.000000
84 149 10.000000
88 127 6.000000
88 133 5.000000
88 135 5.000000
92 102 5.000000
94 97 9.000000
99 135 12.000000
101 115 5.000000
103 150 4.000000
104 147 10.000000
110 140 7.000000
111 124 3.000000
118 137 9.000000
142 144 10.000000
1 2 6.000000
2 3 7.000000
3 4 7.000000
4 5 7.000000
5 6 4.000000
6 7 5.000000
7 8 9.000000
8 9 9.000000
9 10 5.000000
10 11 10.000000
11 12 11.000000
12 13 5.000000
13 14 4.000000
14 15 7.000000
15 16 9.000000
16 17 12.000000
17 18 5.000000
18 19 12.000000
19 20 3.000000
20 21 8.000000
21 22 8.000000
22 23 7.000000
23 24 10.000000
24 25 8.000000
25 26 10.000000
26 27 12.000000
27 28 12.000000
28 29 3.000000
29 30 5.000000
30 31 6.000000
31 32 10.000000
32 33 12.000000
33 34 12.000000
34 35 10.000000
35 36 3.000000
36 37 3.000000
37 38 8.000000
38 39 7.000000
39 40 10.000000
40 41 3.000000
41 42 8.000000
42 43 7.000000
43 44 4.000000
44 45 11.000000
45 46 12.000000
46 47 8.000000
47 48 12.000000
48 49 9.000000
49 50 7.000000
50 51 3.000000
51 52 8.000000
52 53 12.000000
53 54 6.000000
54 55 11.000000
55 56 8.000000
56 57 8.000000
57 58 7.000000
58 59 12.000000
59 60 6.000000
60 61 11.000000
62 63 12.000000
63 64 12.000000
64 65 3.000000
65 66 5.000000
66 67 10.000000
67 68 10.000000
68 69 10.000000
69 70 9.000000
70 71 5.000000
71 72 9.000000
72 73 3.000000
73 74 12.000000
74 75 8.000000
75 76 6.000000
76 77 7.000000
77 78 5.000000
78 79 3.000000
79 80 8.000000
80 81 12.000000
81 82 4.000000
82 83 10.000000
83 84 5.000000
84 85 5.000000
85 86 8.000000
86 87 10.000000
87 88 7.000000
88 89 5.000000
89 90 4.000000
90 91 12.000000
91 92 5.000000
92 93 5.000000
93 94 4.000000
94 95 11.000000
95 96 12.000000
96 97 7.000000
97 98 12.000000
98 99 12.000000
99 100 8.000000
100 101 3.000000
101 102 3.000000
102 103 6.000000
103 104 12.000000
104 105 9.000000
105 106 6.000000
106 107 7.000000
107 108 8.000000
108 109 11.000000
109 110 11.000000
110 111 4.000000
111 112 6.000000
112 113 12.000000
113 114 9.000000
114 115 10.000000
115 116 6.000000
116 117 3.000000
117 118 5.000000
118 119 12.000000
119 120 10.000000
120 121 9.000000
121 122 10.000000
122 123 5.000000
123 124 8.000000
124 125 9.000000
125 126 11.000000
126 127 4.000000
127 128 12.000000
128 129 5.000000
129 130 10.000000
130 131 6.000000
131 132 7.000000
132 133 6.000000
133 134 3.000000
134 135 7.000000
135 136 3.000000
136 137 10.000000
137 138 3.000000
138 139 7.000000
139 140 3.000000
140 141 11.000000
141 142 6.000000
142 143 3.000000
143 144 7.000000
144 145 11.000000
145 146 5.000000
146 147 6.000000
147 148 6.000000
148 149 6.000000
149 150 12.000000
# REQUERIDOS
1
15
51
