# GRAFO
1 65 8.000000
1 469 7.000000
1 709 5.000000
1 731 6.000000
2 24 4.000000
2 104 7.000000
2 374 4.000000
2 424 10.000000
2 447 5.000000
2 545 7.000000
3 216 7.000000
3 416 5.000000
3 708 8.000000
4 469 5.000000
5 57 10.000000
5 210 10.000000
5 506 5.000000
5 563 6.000000
5 616 10.000000
5 699 4.000000
5 739 4.000000
6 147 4.000000
6 723 12.000000
6 727 5.000000
6 776 11.000000
7 160 9.000000
7 366 4.000000
7 453 9.000000
7 626 12.000000
8 278 3.000000
8 557 10.000000
9 15 6.000000
9 124 5.000000
9 280 10.000000
9 492 3.000000
9 500 5.000000
9 575 11.000000
10 23 11.000000
10 60 7.000000
10 136 5.000000
10 291 3.000000
11 159 5.000000
11 583 5.000000
11 660 5.000000
12 304 11.000000
12 536 6.000000
12 542 5.000000
12 544 10.000000
12 749 7.000000
13 70 10.000000
13 373 12.000000
13 452 5.000000
13 582 8.000000
13 625 5.000000
14 87 6.000000
14 110 9.000000
14 368 5.000000
15 58 11.000000
15 138 9.000000
15 267 10.000000
15 622 9.000000
15 630 3.000000
16 339 3.000000
16 397 3.000000
16 451 11.000000
16 665 6.000000
17 110 6.000000
17 154 8.000000
17 485 6.000000
17 525 8.000000
17 553 12.000000
18 100 7.000000
18 111 3.000000
18 488 12.000000
18 579 8.000000
18 695 9.000000
19 787 6.000000
20 36 6.000000
20 39 8.000000
20 81 8.000000
20 97 4.000000
20 176 7.000000
21 50 3.000000
21 56 4.000000
21 243 9.000000
21 318 4.000000
21 649 11.000000
21 679 11.000000
21 728 9.000000
22 510 12.000000
22 674 5.000000
23 124 7.000000
23 184 8.000000
23 228 4.000000
23 435 12.000000
24 263 3.000000
24 484 4.000000
25 125 8.000000
25 411 11.000000
25 484 9.000000
25 781 8.000000
26 232 11.000000
26 572 5.000000
27 129 9.000000
27 268 4.000000
27 357 5.000000
27 370 4.000000
27 484 7.000000
27 742 5.000000
27 766 4.000000
28 52 7.000000
28 207 10.000000
28 293 10.000000
28 354 3.000000
28 691 5.000000
28 749 8.000000
29 281 6.000000
29 544 7.000000
29 730 7.000000
30 66 8.000000
30 299 6.000000
30 411 12.000000
31 263 8.000000
31 375 12.000000
31 474 4.000000
32 139 7.000000
32 222 5.000000
32 253 11.000000
32 257 9.000000
32 413 6.000000
32 470 5.000000
32 711 9.000000
33 448 3.000000
33 687 10.000000
33 711 10.000000
33 734 12.000000
34 78 8.000000
34 128 7.000000
34 198 3.000000
34 242 5.000000
34 327 8.000000
34 455 12.000000
34 564 3.000000
34 763 9.000000
34 775 5.000000
35 294 10.000000
35 406 7.000000
35 466 12.000000
35 586 9.000000
35 605 8.000000
35 766 5.000000
36 93 4.000000
36 218 7.000000
36 283 4.000000
37 317 4.000000
37 434 3.000000
37 516 12.000000
37 643 3.000000
38 101 11.000000
38 313 6.000000
38 421 12.000000
38 468 5.000000
38 573 3.000000
38 625 8.000000
39 77 8.000000
39 104 9.000000
39 558 7.000000
41 213 5.000000
41 280 5.000000
42 115 8.000000
42 123 10.000000
42 168 11.000000
42 312 9.000000
42 506 4.000000
42 606 11.000000
42 712 4.000000
43 366 3.000000
43 434 3.000000
44 516 9.000000
45 60 3.000000
45 638 5.000000
46 219 7.000000
46 763 10.000000
47 274 5.000000
47 284 8.000000
47 420 11.000000
47 640 11.000000
47 741 11.000000
48 99 5.000000
48 392 11.000000
48 421 9.000000
49 185 4.000000
49 209 12.000000
49 220 6.000000
49 301 12.000000
49 341 5.000000
50 171 5.000000
50 298 3.000000
50 675 12.000000
50 737 7.000000
50 739 7.000000
50 756 3.000000
51 146 10.000000
51 342 6.000000
51 378 12.000000
51 397 7.000000
52 200 4.000000
52 342 9.000000
52 509 9.000000
53 72 12.000000
53 283 12.000000
53 285 8.000000
53 287 3.000000
53 380 10.000000
53 579 8.000000
53 690 11.000000
54 456 7.000000
54 567 5.000000
54 775 8.000000
55 113 12.000000
55 292 6.000000
55 308 9.000000
55 671 7.000000
57 327 3.000000
57 712 5.000000
58 71 9.000000
58 102 9.000000
58 634 12.000000
59 168 3.000000
59 446 6.000000
59 630 10.000000
59 691 11.000000
60 542 10.000000
61 397 11.000000
62 227 9.000000
62 270 12.000000
62 409 3.000000
62 546 4.000000
62 661 10.000000
62 711 11.000000
63 83 5.000000
63 168 5.000000
63 329 7.000000
63 414 4.000000
63 489 3.000000
63 494 11.000000
64 155 8.000000
64 173 10.000000
64 750 5.000000
65 140 3.000000
65 379 7.000000
65 408 10.000000
65 495 11.000000
65 622 7.000000
65 650 11.000000
66 172 11.000000
66 225 3.000000
66 277 3.000000
67 269 6.000000
67 332 7.000000
68 207 3.000000
68 406 7.000000
68 539 5.000000
68 596 12.000000
68 676 5.000000
69 310 3.000000
69 782 5.000000
70 502 6.000000
70 571 4.000000
70 698 10.000000
71 184 8.000000
71 242 12.000000
71 296 8.000000
72 145 11.000000
72 727 9.000000
72 756 8.000000
73 559 8.000000
74 97 12.000000
74 701 11.000000
74 799 9.000000
75 457 4.000000
75 634 6.000000
75 693 11.000000
75 754 5.000000
76 329 11.000000
76 367 6.000000
77 130 9.000000
77 160 3.000000
77 274 3.000000
78 156 12.000000
78 274 8.000000
78 315 5.000000
78 407 5.000000
78 505 8.000000
79 266 3.000000
79 366 3.000000
80 137 12.000000
80 152 8.000000
80 599 6.000000
80 733 9.000000
81 302 4.000000
81 344 6.000000
81 455 3.000000
83 576 8.000000
83 632 7.000000
84 153 6.000000
84 293 7.000000
84 301 6.000000
84 303 7.000000
84 595 4.000000
84 642 6.000000
85 255 12.000000
85 366 8.000000
85 373 12.000000
85 687 12.000000
85 701 11.000000
85 742 5.000000
86 221 11.000000
86 254 3.000000
86 293 11.000000
86 345 12.000000
87 372 12.000000
87 728 6.000000
87 788 8.000000
88 105 6.000000
88 109 9.000000
88 207 10.000000
88 277 6.000000
88 395 3.000000
88 556 8.000000
89 169 9.000000
89 544 5.000000
89 616 8.000000
90 358 6.000000
90 647 5.000000
90 739 12.000000
91 310 9.000000
91 482 5.000000
91 556 5.000000
93 384 10.000000
93 638 4.000000
94 137 12.000000
94 181 4.000000
94 228 11.000000
94 281 4.000000
94 595 4.000000
94 639 9.000000
95 186 10.000000
96 469 11.000000
96 664 11.000000
96 725 7.000000
97 126 4.000000
97 232 6.000000
98 456 10.000000
98 462 10.000000
98 515 4.000000
98 636 3.000000
98 641 3.000000
99 577 5.000000
99 623 11.000000
99 650 3.000000
100 464 6.000000
101 483 3.000000
101 526 10.000000
101 644 7.000000
101 791 11.000000
102 118 5.000000
102 700 5.000000
103 259 4.000000
103 281 9.000000
103 388 11.000000
103 537 6.000000
103 542 4.000000
103 696 4.000000
103 725 11.000000
104 108 7.000000
104 154 5.000000
104 658 6.000000
105 132 10.000000
105 386 9.000000
105 760 12.000000
106 520 6.000000
106 525 4.000000
106 529 6.000000
106 761 4.000000
107 234 7.000000
107 404 9.000000
107 633 11.000000
108 209 7.000000
108 397 6.000000
108 658 7.000000
108 695 7.000000
108 744 7.000000
109 147 7.000000
109 242 9.000000
109 644 4.000000
109 653 10.000000
109 777 6.000000
110 147 10.000000
111 164 6.000000
111 425 4.000000
111 495 12.000000
111 519 5.000000
111 587 3.000000
111 627 7.000000
111 690 4.000000
111 763 7.000000
112 169 3.000000
112 624 12.000000
112 691 7.000000
113 780 11.000000
114 298 3.000000
115 166 5.000000
115 412 10.000000
116 352 8.000000
116 362 7.000000
117 322 7.000000
117 618 5.000000
119 142 12.000000
119 665 3.000000
120 156 10.000000
120 393 6.000000
120 462 3.000000
121 673 9.000000
121 678 6.000000
121 769 8.000000
121 770 3.000000
122 310 7.000000
122 568 11.000000
123 213 10.000000
123 555 8.000000
123 643 11.000000
124 513 11.000000
124 531 11.000000
124 798 7.000000
125 303 7.000000
125 428 11.000000
125 529 3.000000
126 335 10.000000
127 400 10.000000
127 731 7.000000
128 251 11.000000
129 378 8.000000
129 787 4.000000
130 472 9.000000
130 699 9.000000
130 726 9.000000
131 174 11.000000
131 194 3.000000
131 523 5.000000
132 636 3.000000
132 690 5.000000
132 751 10.000000
133 662 6.000000
134 161 6.000000
134 382 12.000000
134 469 4.000000
134 714 4.000000
135 408 4.000000
135 537 11.000000
135 543 8.000000
136 381 7.000000
136 545 5.000000
136 772 8.000000
137 156 11.000000
137 308 3.000000
137 460 3.000000
138 475 3.000000
139 553 3.000000
139 561 6.000000
139 621 10.000000
140 573 11.000000
140 757 6.000000
141 281 5.000000
142 166 12.000000
142 423 5.000000
142 509 6.000000
142 633 7.000000
143 205 11.000000
143 266 6.000000
143 291 4.000000
143 564 7.000000
143 673 9.000000
145 412 6.000000
145 439 12.000000
145 624 9.000000
145 682 11.000000
146 612 9.000000
147 285 5.000000
147 294 7.000000
147 339 8.000000
147 374 4.000000
147 504 10.000000
147 538 3.000000
147 543 4.000000
148 192 7.000000
148 301 9.000000
148 419 10.000000
149 286 12.000000
149 400 6.000000
149 420 5.000000
149 518 6.000000
149 530 7.000000
149 596 5.000000
150 342 6.000000
151 311 9.000000
151 358 6.000000
151 634 5.000000
151 651 5.000000
152 278 8.000000
152 402 8.000000
152 409 10.000000
152 424 5.000000
152 428 7.000000
152 595 4.000000
152 780 3.000000
153 191 6.000000
153 201 8.000000
153 480 7.000000
153 507 11.000000
153 610 6.000000
154 247 9.000000
154 564 4.000000
154 729 10.000000
155 186 9.000000
155 203 10.000000
155 584 11.000000
156 609 6.000000
156 713 11.000000
156 728 4.000000
157 213 6.000000
157 266 11.000000
158 275 8.000000
158 350 11.000000
158 707 7.000000
159 195 9.000000
159 612 4.000000
159 664 10.000000
160 401 7.000000
160 426 5.000000
160 443 4.000000
161 518 5.000000
161 636 7.000000
161 678 11.000000
162 180 3.000000
162 195 5.000000
162 247 4.000000
162 558 4.000000
162 660 11.000000
162 681 10.000000
163 367 12.000000
163 428 8.000000
163 740 9.000000
163 787 9.000000
164 557 11.000000
164 619 10.000000
164 696 9.000000
164 789 6.000000
165 221 9.000000
165 355 11.000000
166 314 11.000000
166 382 7.000000
166 673 4.000000
166 781 7.000000
167 461 5.000000
167 503 8.000000
167 507 12.000000
167 797 9.000000
168 211 6.000000
168 434 10.000000
168 455 6.000000
168 638 4.000000
168 671 7.000000
169 288 8.000000
169 458 11.000000
169 564 6.000000
169 620 9.000000
169 671 3.000000
169 730 9.000000
170 182 3.000000
170 536 7.000000
170 743 5.000000
171 252 3.000000
171 292 8.000000
171 368 5.000000
171 450 4.000000
171 473 11.000000
171 771 6.000000
172 443 3.000000
172 665 3.000000
172 671 11.000000
172 726 10.000000
173 333 11.000000
173 734 7.000000
174 458 12.000000
174 613 12.000000
176 418 10.000000
176 526 10.000000
176 533 10.000000
176 562 4.000000
176 572 4.000000
176 721 8.000000
177 364 12.000000
177 467 3.000000
177 497 4.000000
177 558 3.000000
177 566 8.000000
177 761 7.000000
178 274 6.000000
178 369 3.000000
178 457 7.000000
178 505 8.000000
178 548 8.000000
178 565 10.000000
179 318 10.000000
179 630 4.000000
179 787 4.000000
180 235 5.000000
180 746 6.000000
180 790 11.000000
181 220 9.000000
181 254 11.000000
181 446 6.000000
181 479 7.000000
181 769 11.000000
182 269 9.000000
182 415 4.000000
182 733 3.000000
183 231 9.000000
183 378 4.000000
183 521 3.000000
183 574 12.000000
183 585 6.000000
183 632 6.000000
184 344 7.000000
184 491 6.000000
184 596 4.000000
184 614 3.000000
185 356 12.000000
186 650 5.000000
187 474 3.000000
187 481 10.000000
188 398 6.000000
188 409 7.000000
188 740 8.000000
189 347 12.000000
190 191 11.000000
190 338 3.000000
190 452 12.000000
191 218 5.000000
191 243 8.000000
191 317 7.000000
191 378 8.000000
191 570 4.000000
191 646 6.000000
191 723 10.000000
191 766 3.000000
192 257 5.000000
192 329 12.000000
192 459 12.000000
193 211 3.000000
193 589 11.000000
194 563 3.000000
195 367 12.000000
195 528 5.000000
196 244 7.000000
196 333 7.000000
196 369 9.000000
196 593 4.000000
196 732 9.000000
196 792 7.000000
197 354 9.000000
197 647 9.000000
197 661 10.000000
197 774 3.000000
198 380 9.000000
198 431 8.000000
198 454 7.000000
198 610 12.000000
198 655 4.000000
198 759 7.000000
199 458 9.000000
199 752 4.000000
200 236 3.000000
200 260 5.000000
200 326 9.000000
200 383 10.000000
200 493 10.000000
200 536 10.000000
201 410 4.000000
201 527 5.000000
201 634 6.000000
201 718 6.000000
201 780 11.000000
202 348 5.000000
202 527 6.000000
203 679 12.000000
203 689 10.000000
204 476 6.000000
205 232 10.000000
205 482 3.000000
205 487 6.000000
206 271 11.000000
206 711 5.000000
207 594 8.000000
208 227 8.000000
209 456 9.000000
209 734 10.000000
210 321 9.000000
210 360 10.000000
210 422 10.000000
211 250 12.000000
211 388 12.000000
211 420 7.000000
211 457 3.000000
211 512 6.000000
212 242 6.000000
212 331 6.000000
212 335 9.000000
212 388 9.000000
212 502 6.000000
212 510 4.000000
212 752 7.000000
213 221 8.000000
213 554 7.000000
213 582 8.000000
214 229 11.000000
214 276 11.000000
214 567 7.000000
214 657 5.000000
214 671 11.000000
214 716 8.000000
215 605 12.000000
215 625 3.000000
215 634 7.000000
216 217 3.000000
216 245 8.000000
216 277 5.000000
216 408 6.000000
216 458 3.000000
216 476 5.000000
216 787 5.000000
217 448 12.000000
217 484 9.000000
217 522 3.000000
217 735 5.000000
219 284 10.000000
219 473 11.000000
219 490 12.000000
219 642 9.000000
219 652 5.000000
220 320 4.000000
220 511 12.000000
220 719 4.000000
221 724 10.000000
222 575 12.000000
222 656 12.000000
222 751 12.000000
222 756 4.000000
223 602 8.000000
224 240 11.000000
224 335 9.000000
224 352 12.000000
225 320 8.000000
225 765 6.000000
226 640 8.000000
226 665 9.000000
227 354 9.000000
227 430 12.000000
227 601 3.000000
228 257 12.000000
228 402 12.000000
228 703 6.000000
229 270 6.000000
229 384 3.000000
229 561 5.000000
230 351 8.000000
230 489 10.000000
230 545 9.000000
230 753 11.000000
231 734 6.000000
231 786 11.000000
232 442 10.000000
232 722 7.000000
232 761 11.000000
233 511 3.000000
233 714 6.000000
233 740 7.000000
234 365 11.000000
234 402 8.000000
234 463 7.000000
234 464 5.000000
234 553 10.000000
234 634 3.000000
234 670 8.000000
235 347 6.000000
235 417 10.000000
235 450 9.000000
236 352 8.000000
236 617 3.000000
236 777 11.000000
237 250 12.000000
237 356 12.000000
237 381 7.000000
238 385 5.000000
238 576 11.000000
239 300 9.000000
239 565 5.000000
239 663 10.000000
239 718 10.000000
240 254 7.000000
240 704 5.000000
241 586 3.000000
241 609 4.000000
241 674 10.000000
242 376 12.000000
242 562 9.000000
243 318 10.000000
244 407 5.000000
244 450 8.000000
244 609 10.000000
245 266 7.000000
245 568 8.000000
247 353 11.000000
247 797 5.000000
248 783 6.000000
249 418 4.000000
249 453 7.000000
250 514 10.000000
250 659 7.000000
250 701 12.000000
251 325 9.000000
251 651 12.000000
252 300 6.000000
252 358 10.000000
252 463 9.000000
254 367 5.000000
254 604 5.000000
254 790 8.000000
255 607 11.000000
255 776 6.000000
256 296 9.000000
256 579 8.000000
256 679 3.000000
256 745 10.000000
257 531 9.000000
258 687 7.000000
259 478 7.000000
260 483 10.000000
262 404 7.000000
262 517 10.000000
262 576 7.000000
262 789 12.000000
263 334 6.000000
263 393 3.000000
264 286 6.000000
264 629 4.000000
264 772 8.000000
265 760 6.000000
266 394 11.000000
266 648 9.000000
267 303 6.000000
267 321 5.000000
267 505 4.000000
268 458 9.000000
268 469 11.000000
268 581 7.000000
268 777 10.000000
268 787 6.000000
269 562 7.000000
269 623 6.000000
270 555 5.000000
270 625 10.000000
271 633 9.000000
271 790 12.000000
272 489 12.000000
272 490 3.000000
272 508 7.000000
272 546 5.000000
272 581 10.000000
272 792 10.000000
273 339 9.000000
273 749 6.000000
274 479 7.000000
275 476 11.000000
275 481 4.000000
275 723 10.000000
275 799 3.000000
276 283 7.000000
276 442 5.000000
276 513 7.000000
277 314 10.000000
277 607 12.000000
277 641 9.000000
278 296 3.000000
278 383 3.000000
278 406 12.000000
278 449 10.000000
278 474 9.000000
278 668 10.000000
278 754 5.000000
279 281 9.000000
279 292 7.000000
279 330 12.000000
279 517 3.000000
279 518 3.000000
280 586 4.000000
280 664 9.000000
280 698 6.000000
280 763 11.000000
281 447 4.000000
281 689 4.000000
281 764 4.000000
282 391 8.000000
282 500 4.000000
283 541 3.000000
283 697 10.000000
284 330 4.000000
284 682 3.000000
285 371 3.000000
285 428 7.000000
285 586 3.000000
285 774 5.000000
286 582 12.000000
286 604 6.000000
287 352 5.000000
287 526 3.000000
287 770 11.000000
288 798 7.000000
289 507 5.000000
289 557 7.000000
289 784 9.000000
290 340 8.000000
290 660 7.000000
291 340 6.000000
291 349 6.000000
291 524 6.000000
291 567 11.000000
291 610 7.000000
291 644 8.000000
292 434 5.000000
292 454 9.000000
292 549 9.000000
294 539 11.000000
294 639 12.000000
295 399 8.000000
295 513 6.000000
295 595 9.000000
295 679 11.000000
296 297 4.000000
296 325 10.000000
296 652 10.000000
298 678 7.000000
299 338 7.000000
299 358 5.000000
299 360 11.000000
299 542 9.000000
300 436 4.000000
300 598 3.000000
300 783 11.000000
300 795 11.000000
301 735 6.000000
302 488 6.000000
302 579 6.000000
302 723 7.000000
302 737 10.000000
303 448 9.000000
303 461 5.000000
303 663 8.000000
303 715 11.000000
304 312 9.000000
304 619 10.000000
305 315 3.000000
305 416 6.000000
305 573 10.000000
305 586 7.000000
305 717 8.000000
306 407 8.000000
307 368 3.000000
307 628 6.000000
307 662 8.000000
307 786 3.000000
308 619 10.000000
308 641 10.000000
308 643 11.000000
308 657 7.000000
309 337 6.000000
310 468 12.000000
310 633 7.000000
310 654 5.000000
311 437 9.000000
311 532 8.000000
311 561 10.000000
311 685 9.000000
312 481 5.000000
312 704 9.000000
312 796 8.000000
313 504 12.000000
313 674 10.000000
313 738 3.000000
313 764 11.000000
314 426 3.000000
314 465 6.000000
314 487 7.000000
314 497 7.000000
314 692 7.000000
314 697 12.000000
314 756 5.000000
315 742 11.000000
316 362 7.000000
316 488 8.000000
316 641 10.000000
317 409 10.000000
317 575 9.000000
317 663 6.000000
318 379 4.000000
319 671 10.000000
320 482 11.000000
321 605 4.000000
322 524 12.000000
322 631 4.000000
322 714 10.000000
323 413 6.000000
323 595 12.000000
323 655 10.000000
324 330 12.000000
324 538 10.000000
325 623 5.000000
326 729 7.000000
326 735 7.000000
326 785 3.000000
327 339 11.000000
327 353 12.000000
327 451 3.000000
327 630 5.000000
327 639 8.000000
328 474 9.000000
328 774 11.000000
329 559 12.000000
329 578 6.000000
329 638 4.000000
329 640 7.000000
329 646 4.000000
329 682 4.000000
330 555 3.000000
330 708 7.000000
331 472 6.000000
331 693 11.000000
331 714 6.000000
332 401 11.000000
332 616 8.000000
333 592 12.000000
333 784 3.000000
334 474 9.000000
334 574 11.000000
334 582 9.000000
335 706 3.000000
336 743 7.000000
337 565 8.000000
338 520 10.000000
339 748 4.000000
339 793 10.000000
341 381 4.000000
341 470 5.000000
341 605 9.000000
341 724 5.000000
342 412 9.000000
343 441 10.000000
343 487 3.000000
343 553 4.000000
343 582 9.000000
343 687 8.000000
343 759 6.000000
344 400 9.000000
344 607 7.000000
344 799 8.000000
345 378 3.000000
345 719 10.000000
346 592 4.000000
347 388 7.000000
347 591 5.000000
348 413 8.000000
348 443 8.000000
348 668 7.000000
349 683 12.000000
349 722 8.000000
349 724 8.000000
350 781 4.000000
351 365 10.000000
351 564 7.000000
351 629 10.000000
351 748 8.000000
352 414 9.000000
353 722 5.000000
354 674 12.000000
354 765 7.000000
355 688 11.000000
356 386 5.000000
356 501 11.000000
357 398 12.000000
357 483 10.000000
357 645 5.000000
357 673 10.000000
357 740 5.000000
358 471 5.000000
359 443 4.000000
359 666 12.000000
360 644 8.000000
361 379 12.000000
361 425 7.000000
361 466 11.000000
361 512 7.000000
361 756 8.000000
362 657 4.000000
363 607 9.000000
364 372 7.000000
364 758 8.000000
364 793 4.000000
366 604 6.000000
366 643 6.000000
367 395 3.000000
367 640 8.000000
367 664 7.000000
369 482 8.000000
369 564 8.000000
369 620 9.000000
369 797 6.000000
370 405 10.000000
370 455 10.000000
370 585 3.000000
371 379 3.000000
371 382 3.000000
371 499 9.000000
372 549 3.000000
374 461 3.000000
375 459 6.000000
375 741 7.000000
376 601 3.000000
377 613 9.000000
378 415 3.000000
378 621 4.000000
378 678 3.000000
379 396 4.000000
379 461 6.000000
379 621 8.000000
379 646 11.000000
380 496 8.000000
380 624 3.000000
380 777 10.000000
381 460 5.000000
381 543 8.000000
382 398 7.000000
382 463 10.000000
382 612 10.000000
382 653 4.000000
382 771 11.000000
383 644 4.000000
383 777 11.000000
384 449 10.000000
384 488 5.000000
384 500 5.000000
384 540 10.000000
384 730 8.000000
385 458 11.000000
385 613 9.000000
385 633 11.000000
387 507 5.000000
387 656 8.000000
387 673 6.000000
387 707 3.000000
388 572 6.000000
388 583 5.000000
389 610 5.000000
389 671 4.000000
390 668 6.000000
390 799 9.000000
393 735 8.000000
393 771 5.000000
394 475 7.000000
394 489 11.000000
394 496 3.000000
394 506 3.000000
394 545 10.000000
395 450 3.000000
395 573 8.000000
395 674 5.000000
395 701 12.000000
396 652 5.000000
396 741 10.000000
397 607 7.000000
397 684 12.000000
399 619 3.000000
399 743 7.000000
399 769 10.000000
400 564 8.000000
400 743 11.000000
402 655 4.000000
402 681 6.000000
403 596 4.000000
404 421 9.000000
404 729 6.000000
405 727 10.000000
405 777 8.000000
406 459 12.000000
406 731 4.000000
407 573 8.000000
407 687 12.000000
407 774 10.000000
408 695 4.000000
408 775 8.000000
409 759 12.000000
410 423 6.000000
410 546 10.000000
410 558 11.000000
410 627 4.000000
411 449 4.000000
411 632 5.000000
412 485 8.000000
412 635 8.000000
412 668 10.000000
412 679 12.000000
413 779 3.000000
414 597 8.000000
414 649 8.000000
414 678 9.000000
415 576 11.000000
415 577 12.000000
415 659 3.000000
415 666 7.000000
415 790 10.000000
418 422 11.000000
418 784 8.000000
421 435 4.000000
421 527 3.000000
422 709 9.000000
424 475 11.000000
424 566 7.000000
424 748 4.000000
425 662 12.000000
427 467 11.000000
427 502 12.000000
429 450 8.000000
429 729 3.000000
430 529 12.000000
430 606 4.000000
430 704 12.000000
430 718 8.000000
430 735 12.000000
431 477 5.000000
431 484 3.000000
431 497 10.000000
431 501 10.000000
431 678 6.000000
432 606 12.000000
432 661 5.000000
433 492 6.000000
433 493 5.000000
433 542 6.000000
435 512 5.000000
435 657 7.000000
435 689 6.000000
436 466 7.000000
436 584 9.000000
436 585 4.000000
436 767 4.000000
437 511 3.000000
437 705 4.000000
438 513 6.000000
438 536 12.000000
439 474 10.000000
439 479 10.000000
439 626 4.000000
439 649 10.000000
439 764 4.000000
440 543 8.000000
441 553 7.000000
441 717 6.000000
441 721 4.000000
442 684 6.000000
442 700 3.000000
443 528 5.000000
443 606 12.000000
443 773 11.000000
444 731 8.000000
445 603 6.000000
445 664 5.000000
446 554 11.000000
446 706 4.000000
446 767 11.000000
447 521 4.000000
447 678 11.000000
448 461 11.000000
448 473 11.000000
449 686 12.000000
450 551 9.000000
450 627 4.000000
450 747 4.000000
451 480 12.000000
452 561 7.000000
452 687 4.000000
454 682 3.000000
454 720 11.000000
454 723 7.000000
454 731 7.000000
454 762 10.000000
455 750 10.000000
455 758 9.000000
456 526 5.000000
456 771 11.000000
457 488 12.000000
457 657 6.000000
457 725 3.000000
458 581 3.000000
459 471 7.000000
459 677 5.000000
460 503 6.000000
460 575 8.000000
460 784 9.000000
461 489 8.000000
461 625 9.000000
461 751 11.000000
463 606 10.000000
464 559 3.000000
464 608 11.000000
464 659 4.000000
466 499 3.000000
466 501 12.000000
466 503 6.000000
466 547 3.000000
466 560 9.000000
466 614 8.000000
466 622 3.000000
466 672 10.000000
468 500 5.000000
468 591 8.000000
468 731 6.000000
469 642 10.000000
469 717 5.000000
470 587 3.000000
471 522 11.000000
471 526 10.000000
472 597 6.000000
472 651 7.000000
472 698 3.000000
474 480 4.000000
474 497 10.000000
474 521 10.000000
474 753 9.000000
474 770 9.000000
475 684 3.000000
477 671 12.000000
478 795 10.000000
479 603 9.000000
479 746 7.000000
479 758 10.000000
481 574 11.000000
481 677 12.000000
482 585 5.000000
482 599 4.000000
482 665 8.000000
482 748 7.000000
484 633 10.000000
484 671 6.000000
485 702 9.000000
486 796 5.000000
487 491 3.000000
487 494 12.000000
487 705 12.000000
487 707 8.000000
487 746 6.000000
490 662 10.000000
491 543 11.000000
491 659 7.000000
493 672 6.000000
493 791 9.000000
494 538 5.000000
494 689 5.000000
494 703 11.000000
496 504 7.000000
496 693 3.000000
497 578 7.000000
497 581 12.000000
497 654 4.000000
497 732 5.000000
498 582 10.000000
500 584 9.000000
500 689 8.000000
504 507 4.000000
504 742 9.000000
505 618 9.000000
505 790 3.000000
507 583 11.000000
507 740 5.000000
507 800 11.000000
508 585 10.000000
508 681 7.000000
509 655 9.000000
510 561 5.000000
510 692 11.000000
510 739 10.000000
511 598 11.000000
511 655 11.000000
512 661 9.000000
513 524 12.000000
513 576 3.000000
513 728 5.000000
513 742 3.000000
513 788 11.000000
514 558 9.000000
515 800 3.000000
516 760 12.000000
517 636 6.000000
518 556 9.000000
519 552 9.000000
519 584 8.000000
519 597 11.000000
519 634 7.000000
521 608 8.000000
521 613 12.000000
521 757 5.000000
522 777 8.000000
522 780 4.000000
523 565 11.000000
524 752 12.000000
525 647 8.000000
525 785 4.000000
527 560 12.000000
527 762 8.000000
528 742 4.000000
528 796 4.000000
531 711 12.000000
531 728 10.000000
532 676 11.000000
532 799 10.000000
533 571 12.000000
533 724 8.000000
534 639 6.000000
535 647 4.000000
535 794 6.000000
536 553 8.000000
537 723 7.000000
538 558 6.000000
541 587 12.000000
542 559 10.000000
542 571 9.000000
542 645 10.000000
543 548 5.000000
545 706 8.000000
545 732 6.000000
546 653 12.000000
547 606 7.000000
547 674 7.000000
548 616 4.000000
548 693 12.000000
550 704 7.000000
552 641 5.000000
552 724 7.000000
552 758 7.000000
552 780 11.000000
553 793 11.000000
554 562 11.000000
554 620 8.000000
554 621 9.000000
555 575 6.000000
555 598 12.000000
555 634 8.000000
556 694 12.000000
557 664 8.000000
557 756 7.000000
558 567 12.000000
558 637 3.000000
558 643 4.000000
565 638 4.000000
566 697 6.000000
566 777 6.000000
567 597 8.000000
567 711 9.000000
568 688 10.000000
569 694 7.000000
571 766 10.000000
572 746 6.000000
574 625 6.000000
575 695 10.000000
575 774 8.000000
576 706 3.000000
577 788 9.000000
578 681 5.000000
578 779 11.000000
579 583 12.000000
579 630 11.000000
580 647 6.000000
581 619 4.000000
585 688 8.000000
588 791 7.000000
589 686 11.000000
590 610 11.000000
590 742 8.000000
590 754 10.000000
591 754 7.000000
592 779 5.000000
593 690 10.000000
594 792 10.000000
595 652 8.000000
595 664 10.000000
595 762 3.000000
596 624 4.000000
596 673 8.000000
596 675 11.000000
596 752 9.000000
597 647 12.000000
597 651 11.000000
597 707 11.000000
598 746 9.000000
600 717 7.000000
600 774 6.000000
601 603 6.000000
602 792 5.000000
602 797 8.000000
604 733 9.000000
604 741 10.000000
604 790 9.000000
605 617 11.000000
605 641 4.000000
606 639 7.000000
606 681 11.000000
609 745 8.000000
610 654 9.000000
612 772 12.000000
614 775 6.000000
616 648 10.000000
616 770 10.000000
620 686 12.000000
624 670 10.000000
624 762 8.000000
625 670 10.000000
625 779 11.000000
629 732 3.000000
630 735 3.000000
630 783 12.000000
633 797 5.000000
635 793 8.000000
638 679 4.000000
638 736 3.000000
638 783 5.000000
639 688 6.000000
639 727 5.000000
640 743 8.000000
641 777 3.000000
646 692 7.000000
646 695 11.000000
646 755 6.000000
647 685 10.000000
647 694 9.000000
649 708 8.000000
649 724 10.000000
650 758 9.000000
651 702 11.000000
653 764 4.000000
653 788 10.000000
654 692 5.000000
654 770 8.000000
656 663 4.000000
656 679 3.000000
656 681 12.000000
660 689 9.000000
663 758 11.000000
663 762 7.000000
663 777 3.000000
664 677 10.000000
665 669 9.000000
666 737 9.000000
666 771 3.000000
667 709 10.000000
670 685 4.000000
677 680 3.000000
687 708 8.000000
687 719 6.000000
687 769 6.000000
688 758 10.000000
689 727 9.000000
692 703 3.000000
694 757 12.000000
694 779 10.000000
696 729 8.000000
699 726 9.000000
702 729 4.000000
703 788 5.000000
704 739 12.000000
705 748 10.000000
706 731 8.000000
709 731 11.000000
709 799 3.000000
710 746 4.000000
713 730 11.000000
714 740 5.000000
718 747 10.000000
720 772 9.000000
736 792 8.000000
738 754 11.000000
739 758 12.000000
739 765 8.000000
741 761 9.000000
741 762 5.000000
742 791 8.000000
743 773 9.000000
746 761 4.000000
753 797 4.000000
754 763 10.000000
759 781 11.000000
767 790 8.000000
771 776 6.000000
776 786 7.000000
1 2 3.000000
2 3 5.000000
3 4 9.000000
4 5 10.000000
5 6 9.000000
6 7 12.000000
7 8 10.000000
8 9 7.000000
9 10 9.000000
10 11 5.000000
11 12 5.000000
12 13 9.000000
13 14 7.000000
14 15 5.000000
15 16 10.000000
16 17 4.000000
17 18 11.000000
18 19 7.000000
19 20 3.000000
20 21 7.000000
21 22 11.000000
22 23 8.000000
23 24 3.000000
24 25 8.000000
25 26 7.000000
26 27 12.000000
27 28 9.000000
28 29 11.000000
29 30 7.000000
30 31 3.000000
31 32 8.000000
32 33 5.000000
33 34 3.000000
34 35 4.000000
35 36 6.000000
36 37 7.000000
37 38 5.000000
38 39 11.000000
39 40 5.000000
40 41 12.000000
41 42 11.000000
42 43 5.000000
43 44 4.000000
44 45 4.000000
45 46 7.000000
46 47 12.000000
47 48 4.000000
48 49 12.000000
49 50 6.000000
50 51 7.000000
51 52 6.000000
52 53 12.000000
53 54 3.000000
54 55 6.000000
55 56 12.000000
56 57 7.000000
57 58 5.000000
58 59 10.000000
59 60 8.000000
60 61 11.000000
61 62 4.000000
62 63 12.000000
63 64 7.000000
64 65 11.000000
65 66 12.000000
66 67 6.000000
67 68 9.000000
68 69 10.000000
69 70 11.000000
70 71 11.000000
71 72 11.000000
72 73 10.000000
73 74 7.000000
74 75 12.000000
75 76 7.000000
76 77 6.000000
77 78 3.000000
78 79 10.000000
79 80 11.000000
80 81 10.000000
81 82 11.000000
82 83 9.000000
83 84 11.000000
84 85 6.000000
85 86 7.000000
86 87 10.000000
87 88 4.000000
88 89 10.000000
89 90 4.000000
90 91 8.000000
91 92 9.000000
92 93 9.000000
93 94 6.000000
94 95 4.000000
95 96 10.000000
96 97 10.000000
97 98 8.000000
98 99 5.000000
99 100 12.000000
100 101 6.000000
101 102 8.000000
102 103 3.000000
103 104 5.000000
104 105 3.000000
105 106 12.000000
106 107 9.000000
107 108 10.000000
108 109 7.000000
109 110 3.000000
110 111 11.000000
111 112 8.000000
112 113 11.000000
113 114 10.000000
114 115 8.000000
115 116 7.000000
116 117 11.000000
117 118 3.000000
118 119 9.000000
119 120 4.000000
120 121 10.000000
121 122 8.000000
122 123 6.000000
123 124 4.000000
124 125 7.000000
125 126 11.000000
126 127 5.000000
127 128 6.000000
128 129 11.000000
129 130 4.000000
130 131 6.000000
131 132 8.000000
132 133 4.000000
133 134 8.000000
134 135 8.000000
135 136 10.000000
136 137 4.000000
137 138 7.000000
138 139 12.000000
139 140 7.000000
140 141 11.000000
141 142 8.000000
142 143 7.000000
143 144 8.000000
144 145 3.000000
145 146 5.000000
146 147 5.000000
147 148 8.000000
148 149 9.000000
149 150 7.000000
150 151 11.000000
151 152 8.000000
152 153 5.000000
153 154 3.000000
154 155 8.000000
155 156 5.000000
156 157 3.000000
157 158 9.000000
158 159 6.000000
159 160 4.000000
160 161 4.000000
161 162 10.000000
162 163 4.000000
163 164 4.000000
164 165 5.000000
165 166 9.000000
166 167 3.000000
167 168 8.000000
168 169 8.000000
169 170 7.000000
170 171 4.000000
171 172 6.000000
172 173 10.000000
173 174 5.000000
174 175 5.000000
175 176 8.000000
176 177 11.000000
177 178 6.000000
178 179 3.000000
179 180 11.000000
180 181 4.000000
181 182 9.000000
182 183 10.000000
183 184 4.000000
184 185 3.000000
185 186 10.000000
186 187 5.000000
187 188 3.000000
188 189 3.000000
189 190 7.000000
191 192 7.000000
192 193 6.000000
193 194 3.000000
194 195 5.000000
195 196 7.000000
196 197 8.000000
197 198 7.000000
198 199 7.000000
199 200 11.000000
200 201 9.000000
201 202 11.000000
202 203 5.000000
203 204 6.000000
204 205 5.000000
205 206 5.000000
206 207 11.000000
207 208 8.000000
208 209 10.000000
209 210 4.000000
210 211 10.000000
211 212 5.000000
212 213 7.000000
213 214 10.000000
214 215 8.000000
215 216 11.000000
217 218 3.000000
218 219 4.000000
219 220 4.000000
220 221 6.000000
221 222 7.000000
222 223 5.000000
223 224 8.000000
224 225 11.000000
225 226 10.000000
226 227 4.000000
227 228 3.000000
228 229 5.000000
229 230 6.000000
230 231 5.000000
231 232 8.000000
232 233 4.000000
233 234 10.000000
234 235 10.000000
235 236 11.000000
236 237 3.000000
237 238 10.000000
238 239 6.000000
239 240 5.000000
240 241 8.000000
241 242 11.000000
242 243 10.000000
243 244 7.000000
244 245 8.000000
245 246 4.000000
246 247 9.000000
247 248 8.000000
248 249 4.000000
249 250 4.000000
250 251 7.000000
251 252 5.000000
252 253 12.000000
253 254 4.000000
254 255 3.000000
255 256 8.000000
256 257 8.000000
257 258 3.000000
258 259 7.000000
259 260 5.000000
260 261 8.000000
261 262 11.000000
262 263 8.000000
263 264 4.000000
264 265 10.000000
265 266 8.000000
266 267 11.000000
267 268 5.000000
268 269 12.000000
269 270 6.000000
270 271 7.000000
271 272 7.000000
272 273 3.000000
273 274 7.000000
274 275 3.000000
275 276 10.000000
276 277 6.000000
277 278 9.000000
278 279 4.000000
279 280 7.000000
280 281 9.000000
281 282 11.000000
282 283 11.000000
283 284 11.000000
284 285 10.000000
285 286 10.000000
286 287 11.000000
287 288 8.000000
288 289 4.000000
289 290 7.000000
290 291 3.000000
291 292 11.000000
292 293 5.000000
293 294 8.000000
294 295 8.000000
295 296 7.000000
297 298 5.000000
298 299 7.000000
299 300 3.000000
300 301 7.000000
301 302 12.000000
302 303 8.000000
303 304 5.000000
304 305 4.000000
305 306 4.000000
306 307 4.000000
307 308 3.000000
308 309 6.000000
309 310 11.000000
310 311 5.000000
311 312 10.000000
312 313 5.000000
313 314 8.000000
314 315 7.000000
315 316 11.000000
316 317 4.000000
317 318 9.000000
318 319 3.000000
319 320 11.000000
320 321 4.000000
321 322 12.000000
322 323 5.000000
323 324 7.000000
324 325 8.000000
325 326 11.000000
326 327 6.000000
327 328 10.000000
328 329 7.000000
329 330 6.000000
330 331 3.000000
331 332 4.000000
332 333 7.000000
333 334 12.000000
334 335 7.000000
335 336 5.000000
336 337 4.000000
337 338 6.000000
338 339 7.000000
339 340 3.000000
340 341 4.000000
341 342 6.000000
342 343 7.000000
343 344 5.000000
344 345 4.000000
345 346 10.000000
346 347 8.000000
347 348 9.000000
348 349 5.000000
349 350 8.000000
350 351 11.000000
351 352 4.000000
352 353 6.000000
353 354 8.000000
354 355 7.000000
355 356 4.000000
356 357 3.000000
357 358 5.000000
358 359 10.000000
359 360 4.000000
360 361 7.000000
361 362 3.000000
362 363 5.000000
363 364 4.000000
364 365 9.000000
365 366 3.000000
366 367 10.000000
367 368 5.000000
368 369 11.000000
369 370 11.000000
370 371 9.000000
371 372 3.000000
372 373 8.000000
373 374 11.000000
374 375 5.000000
375 376 3.000000
376 377 6.000000
377 378 9.000000
378 379 5.000000
379 380 7.000000
380 381 5.000000
381 382 10.000000
382 383 10.000000
383 384 11.000000
384 385 4.000000
385 386 5.000000
386 387 10.000000
387 388 10.000000
388 389 4.000000
389 390 4.000000
390 391 3.000000
391 392 10.000000
392 393 9.000000
393 394 7.000000
394 395 8.000000
395 396 5.000000
396 397 7.000000
397 398 3.000000
398 399 4.000000
399 400 4.000000
400 401 4.000000
401 402 7.000000
402 403 12.000000
403 404 7.000000
404 405 5.000000
405 406 8.000000
406 407 3.000000
407 408 8.000000
408 409 7.000000
409 410 5.000000
410 411 6.000000
411 412 8.000000
412 413 7.000000
413 414 5.000000
414 415 3.000000
415 416 4.000000
416 417 4.000000
417 418 7.000000
418 419 6.000000
419 420 8.000000
420 421 6.000000
421 422 7.000000
422 423 7.000000
423 424 8.000000
424 425 10.000000
425 426 5.000000
426 427 11.000000
427 428 7.000000
428 429 6.000000
429 430 4.000000
430 431 6.000000
431 432 3.000000
432 433 9.000000
433 434 12.000000
434 435 6.000000
435 436 8.000000
436 437 6.000000
437 438 3.000000
438 439 11.000000
439 440 8.000000
440 441 4.000000
441 442 6.000000
442 443 11.000000
443 444 9.000000
444 445 12.000000
445 446 9.000000
446 447 12.000000
447 448 8.000000
448 449 5.000000
449 450 3.000000
450 451 12.000000
451 452 6.000000
452 453 8.000000
453 454 7.000000
454 455 8.000000
455 456 12.000000
456 457 6.000000
457 458 3.000000
458 459 12.000000
459 460 9.000000
460 461 5.000000
461 462 4.000000
462 463 3.000000
463 464 9.000000
464 465 9.000000
465 466 10.000000
466 467 9.000000
467 468 9.000000
468 469 9.000000
469 470 9.000000
470 471 8.000000
471 472 5.000000
472 473 3.000000
473 474 7.000000
474 475 6.000000
475 476 4.000000
476 477 8.000000
477 478 4.000000
478 479 11.000000
479 480 9.000000
480 481 11.000000
481 482 8.000000
482 483 8.000000
483 484 9.000000
484 485 11.000000
485 486 12.000000
486 487 5.000000
487 488 12.000000
488 489 6.000000
489 490 7.000000
490 491 3.000000
491 492 9.000000
492 493 7.000000
493 494 3.000000
494 495 9.000000
495 496 6.000000
496 497 8.000000
497 498 7.000000
498 499 7.000000
499 500 10.000000
500 501 11.000000
501 502 5.000000
502 503 8.000000
503 504 5.000000
504 505 10.000000
505 506 7.000000
506 507 9.000000
507 508 11.000000
508 509 9.000000
509 510 9.000000
510 511 6.000000
511 512 12.000000
512 513 8.000000
513 514 6.000000
514 515 8.000000
515 516 12.000000
516 517 8.000000
517 518 11.000000
518 519 12.000000
519 520 3.000000
520 521 7.000000
521 522 11.000000
522 523 8.000000
523 524 6.000000
524 525 11.000000
525 526 3.000000
526 527 6.000000
527 528 4.000000
528 529 11.000000
529 530 12.000000
530 531 11.000000
531 532 6.000000
532 533 5.000000
533 534 12.000000
534 535 12.000000
535 536 3.000000
536 537 4.000000
537 538 7.000000
538 539 4.000000
539 540 10.000000
540 541 9.000000
541 542 8.000000
542 543 5.000000
543 544 11.000000
544 545 12.000000
545 546 11.000000
546 547 11.000000
547 548 11.000000
548 549 6.000000
549 550 4.000000
550 551 4.000000
551 552 7.000000
552 553 4.000000
553 554 4.000000
554 555 11.000000
555 556 6.000000
556 557 11.000000
557 558 3.000000
558 559 3.000000
559 560 7.000000
560 561 7.000000
561 562 12.000000
562 563 8.000000
563 564 3.000000
564 565 7.000000
565 566 5.000000
566 567 3.000000
567 568 8.000000
568 569 12.000000
569 570 9.000000
570 571 4.000000
571 572 12.000000
572 573 11.000000
573 574 9.000000
574 575 11.000000
575 576 9.000000
576 577 8.000000
577 578 5.000000
578 579 7.000000
579 580 10.000000
580 581 4.000000
581 582 9.000000
582 583 6.000000
583 584 7.000000
584 585 12.000000
585 586 7.000000
586 587 12.000000
587 588 10.000000
588 589 11.000000
589 590 12.000000
590 591 10.000000
591 592 11.000000
592 593 12.000000
593 594 9.000000
594 595 8.000000
595 596 10.000000
596 597 4.000000
597 598 9.000000
598 599 10.000000
599 600 10.000000
600 601 8.000000
601 602 10.000000
602 603 4.000000
603 604 4.000000
604 605 3.000000
605 606 10.000000
606 607 8.000000
607 608 10.000000
608 609 12.000000
609 610 6.000000
610 611 7.000000
611 612 11.000000
612 613 4.000000
613 614 5.000000
614 615 7.000000
615 616 8.000000
616 617 3.000000
617 618 8.000000
618 619 7.000000
619 620 6.000000
620 621 9.000000
621 622 7.000000
622 623 7.000000
623 624 3.000000
624 625 7.000000
625 626 7.000000
626 627 11.000000
627 628 12.000000
628 629 3.000000
629 630 6.000000
630 631 5.000000
631 632 4.000000
632 633 6.000000
633 634 11.000000
634 635 4.000000
635 636 5.000000
636 637 4.000000
637 638 3.000000
638 639 7.000000
639 640 9.000000
640 641 9.000000
641 642 6.000000
642 643 10.000000
643 644 3.000000
644 645 5.000000
645 646 11.000000
646 647 11.000000
647 648 4.000000
648 649 12.000000
649 650 3.000000
650 651 7.000000
651 652 5.000000
652 653 7.000000
653 654 8.000000
654 655 9.000000
655 656 3.000000
656 657 4.000000
657 658 6.000000
658 659 5.000000
659 660 4.000000
660 661 7.000000
661 662 6.000000
662 663 10.000000
663 664 11.000000
664 665 5.000000
665 666 5.000000
666 667 5.000000
667 668 5.000000
668 669 5.000000
669 670 7.000000
670 671 5.000000
671 672 12.000000
672 673 9.000000
673 674 10.000000
674 675 10.000000
675 676 9.000000
676 677 9.000000
677 678 4.000000
678 679 11.000000
679 680 6.000000
680 681 4.000000
681 682 5.000000
682 683 3.000000
683 684 10.000000
684 685 3.000000
685 686 3.000000
686 687 11.000000
687 688 9.000000
688 689 5.000000
689 690 5.000000
690 691 3.000000
691 692 11.000000
692 693 10.000000
693 694 10.000000
694 695 10.000000
695 696 8.000000
696 697 7.000000
697 698 11.000000
698 699 4.000000
699 700 12.000000
700 701 3.000000
701 702 8.000000
702 703 9.000000
703 704 10.000000
704 705 10.000000
705 706 8.000000
706 707 12.000000
707 708 4.000000
708 709 8.000000
709 710 12.000000
710 711 4.000000
711 712 9.000000
712 713 10.000000
713 714 10.000000
714 715 6.000000
715 716 9.000000
716 717 12.000000
717 718 4.000000
718 719 6.000000
719 720 5.000000
720 721 8.000000
721 722 6.000000
722 723 12.000000
723 724 5.000000
724 725 12.000000
725 726 10.000000
726 727 8.000000
727 728 3.000000
728 729 8.000000
729 730 12.000000
730 731 12.000000
731 732 8.000000
732 733 7.000000
733 734 4.000000
734 735 8.000000
735 736 8.000000
736 737 8.000000
737 738 7.000000
738 739 7.000000
739 740 3.000000
740 741 6.000000
741 742 4.000000
742 743 4.000000
743 744 6.000000
744 745 7.000000
745 746 9.000000
746 747 11.000000
747 748 9.000000
748 749 9.000000
749 750 4.000000
750 751 10.000000
751 752 7.000000
752 753 9.000000
753 754 8.000000
754 755 6.000000
755 756 3.000000
756 757 8.000000
757 758 8.000000
758 759 8.000000
759 760 8.000000
760 761 6.000000
761 762 4.000000
762 763 11.000000
763 764 5.000000
764 765 10.000000
765 766 3.000000
766 767 12.000000
767 768 3.000000
768 769 5.000000
769 770 7.000000
770 771 10.000000
771 772 12.000000
772 773 8.000000
773 774 3.000000
774 775 12.000000
775 776 9.000000
776 777 11.000000
777 778 8.000000
778 779 12.000000
779 780 3.000000
780 781 9.000000
781 782 3.000000
782 783 5.000000
783 784 4.000000
784 785 11.000000
785 786 7.000000
786 787 10.000000
787 788 12.000000
788 789 4.000000
789 790 9.000000
790 791 9.000000
791 792 5.000000
792 793 8.000000
793 794 10.000000
794 795 12.000000
795 796 5.000000
796 797 11.000000
797 798 9.000000
798 799 3.000000
799 800 12.000000
# REQUERIDOS
1
119
180
196
230
300
416
464
527
