set CITIES :=
1 2 3 4 5 6 7 8 9 10 11 12 13 14 15 16 17 18 19 20 21 22 23 24 25 26 27 28 29 30 31 32 33 34 35 36 37 38 39 40 41 42 43 44 45 46 47 48 49 50 51 52 53 54 55 56 57 58 59 60 61 62 63 64 65 66 67 68 69 70 71 72 73 74 75 76 77 78 79 80 81 82 83 84 85 86 87 88 89 90 91 92 93 94 95 96 97 98 99 100 101 102 103 104 105 106 107 108 109 110 111 112 113 114 115 116 117 118 119 120 121 122 123 124 125 126 127 128 129 130 131 132 133 134 135 136 137 138 139 140 141 142 143 144 145 146 147 148 149 150 151 152 153 154 155 156 157 158 159 160 161 162 163 164 165 166 167 168 169 170 171 172 173 174 175 176 177 178 179 180 181 182 183 184 185 186 187 188 189 190 191 192 193 194 195 196 197 198 199 200 201 202 203 204 205 206 207 208 209 210 211 212 213 214 215 216 217 218 219 220 221 222 223 224 225 226 227 228 229 230 231 232 233 234 235 236 237 238 239 240 241 242 243 244 245 246 247 248 249 250 251 252 253 254 255 256 257 258 259 260 261 262 263 264 265 266 267 268 269 270 271 272 273 274 275 276 277 278 279 280 281 282 283 284 285 286 287 288 289 290 291 292 293 294 295 296 297 298 299 300 301 302 303 304 305 306 307 308 309 310 311 312 313 314 315 316 317 318 319 320 321 322 323 324 325 326 327 328 329 330 331 332 333 334 335 336 337 338 339 340 341 342 343 344 345 346 347 348 349 350 351 352 353 354 355 356 357 358 359 360 361 362 363 364 365 366 367 368 369 370 371 372 373 374 375 376 377 378 379 380 381 382 383 384 385 386 387 388 389 390 391 392 393 394 395 396 397 398 399 400 401 402 403 404 405 406 407 408 409 410 411 412 413 414 415 416 417 418 419 420 421 422 423 424 425 426 427 428 429 430 431 432 433 434 435 436 437 438 439 440 441 442 443 444 445 446 447 448 449 450 451 452 453 454 455 456 457 458 459 460 461 462 463 464 465 466 467 468 469 470 471 472 473 474 475 476 477 478 479 480 481 482 483 484 485 486 487 488 489 490 491 492 493 494 495 496 497 498 499 500 501 502 503 504 505 506 507 508 509 510 511 512 513 514 515 516 517 518 519 520 521 522 523 524 525 526 527 528 529 530 531 532 533 534 535 536 537 538 539 540 541 542 543 544 545 546 547 548 549 550 551 552 553 554 555 556 557 558 559 560 561 562 563 564 565 566 567 568 569 570 571 572 573 574 575 576 577 578 579 580 581 582 583 584 585 586 587 588 589 590 591 592 593 594 595 596 597 598 599 600 601 602 603 604 605 606 607 608 609 610 611 612 613 614 615 616 617 618 619 620 621 622 623 624 625 626 627 628 629 630 631 632 633 634 635 636 637 638 639 640 641 642 643 644 645 646 647 648 649 650 651 652 653 654 655 656 657 658 659 660 661 662 663 664 665 666 667 668 669 670 671 672 673 674 675 676 677 678 679 680 681 682 683 684 685 686 687 688 689 690 691 692 693 694 695 696 697 698 699 700 701 702 703 704 705 706 707 708 709 710 711 712 713 714 715 716 717 718 719 720 721 722 723 724 725 726 727 728 729 730 731 732 733 734 735 736 737 738 739 740 741 742 743 744 745 746 747 748 749 750 751 752 753 754 755 756 757 758 759 760 761 762 763 764 765 766 767 768 769 770 771 772 773 774 775 776 777 778 779 780 781 782 783 784 785 786 787 788 789 790 791 792 793 794 795 796 797 798 799 800
;

set REQ :=
1 119 180 196 230 300 416 464 527
;

set EDGES :=
1 65
1 469
1 709
1 731
2 24
2 104
2 374
2 424
2 447
2 545
3 216
3 416
3 708
4 469
5 57
5 210
5 506
5 563
5 616
5 699
5 739
6 147
6 723
6 727
6 776
7 160
7 366
7 453
7 626
8 278
8 557
9 15
9 124
9 280
9 492
9 500
9 575
10 23
10 60
10 136
10 291
11 159
11 583
11 660
12 304
12 536
12 542
12 544
12 749
13 70
13 373
13 452
13 582
13 625
14 87
14 110
14 368
15 58
15 138
15 267
15 622
15 630
16 339
16 397
16 451
16 665
17 110
17 154
17 485
17 525
17 553
18 100
18 111
18 488
18 579
18 695
19 787
20 36
20 39
20 81
20 97
20 176
21 50
21 56
21 243
21 318
21 649
21 679
21 728
22 510
22 674
23 124
23 184
23 228
23 435
24 263
24 484
25 125
25 411
25 484
25 781
26 232
26 572
27 129
27 268
27 357
27 370
27 484
27 742
27 766
28 52
28 207
28 293
28 354
28 691
28 749
29 281
29 544
29 730
30 66
30 299
30 411
31 263
31 375
31 474
32 139
32 222
32 253
32 257
32 413
32 470
32 711
33 448
33 687
33 711
33 734
34 78
34 128
34 198
34 242
34 327
34 455
34 564
34 763
34 775
35 294
35 406
35 466
35 586
35 605
35 766
36 93
36 218
36 283
37 317
37 434
37 516
37 643
38 101
38 313
38 421
38 468
38 573
38 625
39 77
39 104
39 558
41 213
41 280
42 115
42 123
42 168
42 312
42 506
42 606
42 712
43 366
43 434
44 516
45 60
45 638
46 219
46 763
47 274
47 284
47 420
47 640
47 741
48 99
48 392
48 421
49 185
49 209
49 220
49 301
49 341
50 171
50 298
50 675
50 737
50 739
50 756
51 146
51 342
51 378
51 397
52 200
52 342
52 509
53 72
53 283
53 285
53 287
53 380
53 579
53 690
54 456
54 567
54 775
55 113
55 292
55 308
55 671
57 327
57 712
58 71
58 102
58 634
59 168
59 446
59 630
59 691
60 542
61 397
62 227
62 270
62 409
62 546
62 661
62 711
63 83
63 168
63 329
63 414
63 489
63 494
64 155
64 173
64 750
65 140
65 379
65 408
65 495
65 622
65 650
66 172
66 225
66 277
67 269
67 332
68 207
68 406
68 539
68 596
68 676
69 310
69 782
70 502
70 571
70 698
71 184
71 242
71 296
72 145
72 727
72 756
73 559
74 97
74 701
74 799
75 457
75 634
75 693
75 754
76 329
76 367
77 130
77 160
77 274
78 156
78 274
78 315
78 407
78 505
79 266
79 366
80 137
80 152
80 599
80 733
81 302
81 344
81 455
83 576
83 632
84 153
84 293
84 301
84 303
84 595
84 642
85 255
85 366
85 373
85 687
85 701
85 742
86 221
86 254
86 293
86 345
87 372
87 728
87 788
88 105
88 109
88 207
88 277
88 395
88 556
89 169
89 544
89 616
90 358
90 647
90 739
91 310
91 482
91 556
93 384
93 638
94 137
94 181
94 228
94 281
94 595
94 639
95 186
96 469
96 664
96 725
97 126
97 232
98 456
98 462
98 515
98 636
98 641
99 577
99 623
99 650
100 464
101 483
101 526
101 644
101 791
102 118
102 700
103 259
103 281
103 388
103 537
103 542
103 696
103 725
104 108
104 154
104 658
105 132
105 386
105 760
106 520
106 525
106 529
106 761
107 234
107 404
107 633
108 209
108 397
108 658
108 695
108 744
109 147
109 242
109 644
109 653
109 777
110 147
111 164
111 425
111 495
111 519
111 587
111 627
111 690
111 763
112 169
112 624
112 691
113 780
114 298
115 166
115 412
116 352
116 362
117 322
117 618
119 142
119 665
120 156
120 393
120 462
121 673
121 678
121 769
121 770
122 310
122 568
123 213
123 555
123 643
124 513
124 531
124 798
125 303
125 428
125 529
126 335
127 400
127 731
128 251
129 378
129 787
130 472
130 699
130 726
131 174
131 194
131 523
132 636
132 690
132 751
133 662
134 161
134 382
134 469
134 714
135 408
135 537
135 543
136 381
136 545
136 772
137 156
137 308
137 460
138 475
139 553
139 561
139 621
140 573
140 757
141 281
142 166
142 423
142 509
142 633
143 205
143 266
143 291
143 564
143 673
145 412
145 439
145 624
145 682
146 612
147 285
147 294
147 339
147 374
147 504
147 538
147 543
148 192
148 301
148 419
149 286
149 400
149 420
149 518
149 530
149 596
150 342
151 311
151 358
151 634
151 651
152 278
152 402
152 409
152 424
152 428
152 595
152 780
153 191
153 201
153 480
153 507
153 610
154 247
154 564
154 729
155 186
155 203
155 584
156 609
156 713
156 728
157 213
157 266
158 275
158 350
158 707
159 195
159 612
159 664
160 401
160 426
160 443
161 518
161 636
161 678
162 180
162 195
162 247
162 558
162 660
162 681
163 367
163 428
163 740
163 787
164 557
164 619
164 696
164 789
165 221
165 355
166 314
166 382
166 673
166 781
167 461
167 503
167 507
167 797
168 211
168 434
168 455
168 638
168 671
169 288
169 458
169 564
169 620
169 671
169 730
170 182
170 536
170 743
171 252
171 292
171 368
171 450
171 473
171 771
172 443
172 665
172 671
172 726
173 333
173 734
174 458
174 613
176 418
176 526
176 533
176 562
176 572
176 721
177 364
177 467
177 497
177 558
177 566
177 761
178 274
178 369
178 457
178 505
178 548
178 565
179 318
179 630
179 787
180 235
180 746
180 790
181 220
181 254
181 446
181 479
181 769
182 269
182 415
182 733
183 231
183 378
183 521
183 574
183 585
183 632
184 344
184 491
184 596
184 614
185 356
186 650
187 474
187 481
188 398
188 409
188 740
189 347
190 191
190 338
190 452
191 218
191 243
191 317
191 378
191 570
191 646
191 723
191 766
192 257
192 329
192 459
193 211
193 589
194 563
195 367
195 528
196 244
196 333
196 369
196 593
196 732
196 792
197 354
197 647
197 661
197 774
198 380
198 431
198 454
198 610
198 655
198 759
199 458
199 752
200 236
200 260
200 326
200 383
200 493
200 536
201 410
201 527
201 634
201 718
201 780
202 348
202 527
203 679
203 689
204 476
205 232
205 482
205 487
206 271
206 711
207 594
208 227
209 456
209 734
210 321
210 360
210 422
211 250
211 388
211 420
211 457
211 512
212 242
212 331
212 335
212 388
212 502
212 510
212 752
213 221
213 554
213 582
214 229
214 276
214 567
214 657
214 671
214 716
215 605
215 625
215 634
216 217
216 245
216 277
216 408
216 458
216 476
216 787
217 448
217 484
217 522
217 735
219 284
219 473
219 490
219 642
219 652
220 320
220 511
220 719
221 724
222 575
222 656
222 751
222 756
223 602
224 240
224 335
224 352
225 320
225 765
226 640
226 665
227 354
227 430
227 601
228 257
228 402
228 703
229 270
229 384
229 561
230 351
230 489
230 545
230 753
231 734
231 786
232 442
232 722
232 761
233 511
233 714
233 740
234 365
234 402
234 463
234 464
234 553
234 634
234 670
235 347
235 417
235 450
236 352
236 617
236 777
237 250
237 356
237 381
238 385
238 576
239 300
239 565
239 663
239 718
240 254
240 704
241 586
241 609
241 674
242 376
242 562
243 318
244 407
244 450
244 609
245 266
245 568
247 353
247 797
248 783
249 418
249 453
250 514
250 659
250 701
251 325
251 651
252 300
252 358
252 463
254 367
254 604
254 790
255 607
255 776
256 296
256 579
256 679
256 745
257 531
258 687
259 478
260 483
262 404
262 517
262 576
262 789
263 334
263 393
264 286
264 629
264 772
265 760
266 394
266 648
267 303
267 321
267 505
268 458
268 469
268 581
268 777
268 787
269 562
269 623
270 555
270 625
271 633
271 790
272 489
272 490
272 508
272 546
272 581
272 792
273 339
273 749
274 479
275 476
275 481
275 723
275 799
276 283
276 442
276 513
277 314
277 607
277 641
278 296
278 383
278 406
278 449
278 474
278 668
278 754
279 281
279 292
279 330
279 517
279 518
280 586
280 664
280 698
280 763
281 447
281 689
281 764
282 391
282 500
283 541
283 697
284 330
284 682
285 371
285 428
285 586
285 774
286 582
286 604
287 352
287 526
287 770
288 798
289 507
289 557
289 784
290 340
290 660
291 340
291 349
291 524
291 567
291 610
291 644
292 434
292 454
292 549
294 539
294 639
295 399
295 513
295 595
295 679
296 297
296 325
296 652
298 678
299 338
299 358
299 360
299 542
300 436
300 598
300 783
300 795
301 735
302 488
302 579
302 723
302 737
303 448
303 461
303 663
303 715
304 312
304 619
305 315
305 416
305 573
305 586
305 717
306 407
307 368
307 628
307 662
307 786
308 619
308 641
308 643
308 657
309 337
310 468
310 633
310 654
311 437
311 532
311 561
311 685
312 481
312 704
312 796
313 504
313 674
313 738
313 764
314 426
314 465
314 487
314 497
314 692
314 697
314 756
315 742
316 362
316 488
316 641
317 409
317 575
317 663
318 379
319 671
320 482
321 605
322 524
322 631
322 714
323 413
323 595
323 655
324 330
324 538
325 623
326 729
326 735
326 785
327 339
327 353
327 451
327 630
327 639
328 474
328 774
329 559
329 578
329 638
329 640
329 646
329 682
330 555
330 708
331 472
331 693
331 714
332 401
332 616
333 592
333 784
334 474
334 574
334 582
335 706
336 743
337 565
338 520
339 748
339 793
341 381
341 470
341 605
341 724
342 412
343 441
343 487
343 553
343 582
343 687
343 759
344 400
344 607
344 799
345 378
345 719
346 592
347 388
347 591
348 413
348 443
348 668
349 683
349 722
349 724
350 781
351 365
351 564
351 629
351 748
352 414
353 722
354 674
354 765
355 688
356 386
356 501
357 398
357 483
357 645
357 673
357 740
358 471
359 443
359 666
360 644
361 379
361 425
361 466
361 512
361 756
362 657
363 607
364 372
364 758
364 793
366 604
366 643
367 395
367 640
367 664
369 482
369 564
369 620
369 797
370 405
370 455
370 585
371 379
371 382
371 499
372 549
374 461
375 459
375 741
376 601
377 613
378 415
378 621
378 678
379 396
379 461
379 621
379 646
380 496
380 624
380 777
381 460
381 543
382 398
382 463
382 612
382 653
382 771
383 644
383 777
384 449
384 488
384 500
384 540
384 730
385 458
385 613
385 633
387 507
387 656
387 673
387 707
388 572
388 583
389 610
389 671
390 668
390 799
393 735
393 771
394 475
394 489
394 496
394 506
394 545
395 450
395 573
395 674
395 701
396 652
396 741
397 607
397 684
399 619
399 743
399 769
400 564
400 743
402 655
402 681
403 596
404 421
404 729
405 727
405 777
406 459
406 731
407 573
407 687
407 774
408 695
408 775
409 759
410 423
410 546
410 558
410 627
411 449
411 632
412 485
412 635
412 668
412 679
413 779
414 597
414 649
414 678
415 576
415 577
415 659
415 666
415 790
418 422
418 784
421 435
421 527
422 709
424 475
424 566
424 748
425 662
427 467
427 502
429 450
429 729
430 529
430 606
430 704
430 718
430 735
431 477
431 484
431 497
431 501
431 678
432 606
432 661
433 492
433 493
433 542
435 512
435 657
435 689
436 466
436 584
436 585
436 767
437 511
437 705
438 513
438 536
439 474
439 479
439 626
439 649
439 764
440 543
441 553
441 717
441 721
442 684
442 700
443 528
443 606
443 773
444 731
445 603
445 664
446 554
446 706
446 767
447 521
447 678
448 461
448 473
449 686
450 551
450 627
450 747
451 480
452 561
452 687
454 682
454 720
454 723
454 731
454 762
455 750
455 758
456 526
456 771
457 488
457 657
457 725
458 581
459 471
459 677
460 503
460 575
460 784
461 489
461 625
461 751
463 606
464 559
464 608
464 659
466 499
466 501
466 503
466 547
466 560
466 614
466 622
466 672
468 500
468 591
468 731
469 642
469 717
470 587
471 522
471 526
472 597
472 651
472 698
474 480
474 497
474 521
474 753
474 770
475 684
477 671
478 795
479 603
479 746
479 758
481 574
481 677
482 585
482 599
482 665
482 748
484 633
484 671
485 702
486 796
487 491
487 494
487 705
487 707
487 746
490 662
491 543
491 659
493 672
493 791
494 538
494 689
494 703
496 504
496 693
497 578
497 581
497 654
497 732
498 582
500 584
500 689
504 507
504 742
505 618
505 790
507 583
507 740
507 800
508 585
508 681
509 655
510 561
510 692
510 739
511 598
511 655
512 661
513 524
513 576
513 728
513 742
513 788
514 558
515 800
516 760
517 636
518 556
519 552
519 584
519 597
519 634
521 608
521 613
521 757
522 777
522 780
523 565
524 752
525 647
525 785
527 560
527 762
528 742
528 796
531 711
531 728
532 676
532 799
533 571
533 724
534 639
535 647
535 794
536 553
537 723
538 558
541 587
542 559
542 571
542 645
543 548
545 706
545 732
546 653
547 606
547 674
548 616
548 693
550 704
552 641
552 724
552 758
552 780
553 793
554 562
554 620
554 621
555 575
555 598
555 634
556 694
557 664
557 756
558 567
558 637
558 643
565 638
566 697
566 777
567 597
567 711
568 688
569 694
571 766
572 746
574 625
575 695
575 774
576 706
577 788
578 681
578 779
579 583
579 630
580 647
581 619
585 688
588 791
589 686
590 610
590 742
590 754
591 754
592 779
593 690
594 792
595 652
595 664
595 762
596 624
596 673
596 675
596 752
597 647
597 651
597 707
598 746
600 717
600 774
601 603
602 792
602 797
604 733
604 741
604 790
605 617
605 641
606 639
606 681
609 745
610 654
612 772
614 775
616 648
616 770
620 686
624 670
624 762
625 670
625 779
629 732
630 735
630 783
633 797
635 793
638 679
638 736
638 783
639 688
639 727
640 743
641 777
646 692
646 695
646 755
647 685
647 694
649 708
649 724
650 758
651 702
653 764
653 788
654 692
654 770
656 663
656 679
656 681
660 689
663 758
663 762
663 777
664 677
665 669
666 737
666 771
667 709
670 685
677 680
687 708
687 719
687 769
688 758
689 727
692 703
694 757
694 779
696 729
699 726
702 729
703 788
704 739
705 748
706 731
709 731
709 799
710 746
713 730
714 740
718 747
720 772
736 792
738 754
739 758
739 765
741 761
741 762
742 791
743 773
746 761
753 797
754 763
759 781
767 790
771 776
776 786
1 2
2 3
3 4
4 5
5 6
6 7
7 8
8 9
9 10
10 11
11 12
12 13
13 14
14 15
15 16
16 17
17 18
18 19
19 20
20 21
21 22
22 23
23 24
24 25
25 26
26 27
27 28
28 29
29 30
30 31
31 32
32 33
33 34
34 35
35 36
36 37
37 38
38 39
39 40
40 41
41 42
42 43
43 44
44 45
45 46
46 47
47 48
48 49
49 50
50 51
51 52
52 53
53 54
54 55
55 56
56 57
57 58
58 59
59 60
60 61
61 62
62 63
63 64
64 65
65 66
66 67
67 68
68 69
69 70
70 71
71 72
72 73
73 74
74 75
75 76
76 77
77 78
78 79
79 80
80 81
81 82
82 83
83 84
84 85
85 86
86 87
87 88
88 89
89 90
90 91
91 92
92 93
93 94
94 95
95 96
96 97
97 98
98 99
99 100
100 101
101 102
102 103
103 104
104 105
105 106
106 107
107 108
108 109
109 110
110 111
111 112
112 113
113 114
114 115
115 116
116 117
117 118
118 119
119 120
120 121
121 122
122 123
123 124
124 125
125 126
126 127
127 128
128 129
129 130
130 131
131 132
132 133
133 134
134 135
135 136
136 137
137 138
138 139
139 140
140 141
141 142
142 143
143 144
144 145
145 146
146 147
147 148
148 149
149 150
150 151
151 152
152 153
153 154
154 155
155 156
156 157
157 158
158 159
159 160
160 161
161 162
162 163
163 164
164 165
165 166
166 167
167 168
168 169
169 170
170 171
171 172
172 173
173 174
174 175
175 176
176 177
177 178
178 179
179 180
180 181
181 182
182 183
183 184
184 185
185 186
186 187
187 188
188 189
189 190
191 192
192 193
193 194
194 195
195 196
196 197
197 198
198 199
199 200
200 201
201 202
202 203
203 204
204 205
205 206
206 207
207 208
208 209
209 210
210 211
211 212
212 213
213 214
214 215
215 216
217 218
218 219
219 220
220 221
221 222
222 223
223 224
224 225
225 226
226 227
227 228
228 229
229 230
230 231
231 232
232 233
233 234
234 235
235 236
236 237
237 238
238 239
239 240
240 241
241 242
242 243
243 244
244 245
245 246
246 247
247 248
248 249
249 250
250 251
251 252
252 253
253 254
254 255
255 256
256 257
257 258
258 259
259 260
260 261
261 262
262 263
263 264
264 265
265 266
266 267
267 268
268 269
269 270
270 271
271 272
272 273
273 274
274 275
275 276
276 277
277 278
278 279
279 280
280 281
281 282
282 283
283 284
284 285
285 286
286 287
287 288
288 289
289 290
290 291
291 292
292 293
293 294
294 295
295 296
297 298
298 299
299 300
300 301
301 302
302 303
303 304
304 305
305 306
306 307
307 308
308 309
309 310
310 311
311 312
312 313
313 314
314 315
315 316
316 317
317 318
318 319
319 320
320 321
321 322
322 323
323 324
324 325
325 326
326 327
327 328
328 329
329 330
330 331
331 332
332 333
333 334
334 335
335 336
336 337
337 338
338 339
339 340
340 341
341 342
342 343
343 344
344 345
345 346
346 347
347 348
348 349
349 350
350 351
351 352
352 353
353 354
354 355
355 356
356 357
357 358
358 359
359 360
360 361
361 362
362 363
363 364
364 365
365 366
366 367
367 368
368 369
369 370
370 371
371 372
372 373
373 374
374 375
375 376
376 377
377 378
378 379
379 380
380 381
381 382
382 383
383 384
384 385
385 386
386 387
387 388
388 389
389 390
390 391
391 392
392 393
393 394
394 395
395 396
396 397
397 398
398 399
399 400
400 401
401 402
402 403
403 404
404 405
405 406
406 407
407 408
408 409
409 410
410 411
411 412
412 413
413 414
414 415
415 416
416 417
417 418
418 419
419 420
420 421
421 422
422 423
423 424
424 425
425 426
426 427
427 428
428 429
429 430
430 431
431 432
432 433
433 434
434 435
435 436
436 437
437 438
438 439
439 440
440 441
441 442
442 443
443 444
444 445
445 446
446 447
447 448
448 449
449 450
450 451
451 452
452 453
453 454
454 455
455 456
456 457
457 458
458 459
459 460
460 461
461 462
462 463
463 464
464 465
465 466
466 467
467 468
468 469
469 470
470 471
471 472
472 473
473 474
474 475
475 476
476 477
477 478
478 479
479 480
480 481
481 482
482 483
483 484
484 485
485 486
486 487
487 488
488 489
489 490
490 491
491 492
492 493
493 494
494 495
495 496
496 497
497 498
498 499
499 500
500 501
501 502
502 503
503 504
504 505
505 506
506 507
507 508
508 509
509 510
510 511
511 512
512 513
513 514
514 515
515 516
516 517
517 518
518 519
519 520
520 521
521 522
522 523
523 524
524 525
525 526
526 527
527 528
528 529
529 530
530 531
531 532
532 533
533 534
534 535
535 536
536 537
537 538
538 539
539 540
540 541
541 542
542 543
543 544
544 545
545 546
546 547
547 548
548 549
549 550
550 551
551 552
552 553
553 554
554 555
555 556
556 557
557 558
558 559
559 560
560 561
561 562
562 563
563 564
564 565
565 566
566 567
567 568
568 569
569 570
570 571
571 572
572 573
573 574
574 575
575 576
576 577
577 578
578 579
579 580
580 581
581 582
582 583
583 584
584 585
585 586
586 587
587 588
588 589
589 590
590 591
591 592
592 593
593 594
594 595
595 596
596 597
597 598
598 599
599 600
600 601
601 602
602 603
603 604
604 605
605 606
606 607
607 608
608 609
609 610
610 611
611 612
612 613
613 614
614 615
615 616
616 617
617 618
618 619
619 620
620 621
621 622
622 623
623 624
624 625
625 626
626 627
627 628
628 629
629 630
630 631
631 632
632 633
633 634
634 635
635 636
636 637
637 638
638 639
639 640
640 641
641 642
642 643
643 644
644 645
645 646
646 647
647 648
648 649
649 650
650 651
651 652
652 653
653 654
654 655
655 656
656 657
657 658
658 659
659 660
660 661
661 662
662 663
663 664
664 665
665 666
666 667
667 668
668 669
669 670
670 671
671 672
672 673
673 674
674 675
675 676
676 677
677 678
678 679
679 680
680 681
681 682
682 683
683 684
684 685
685 686
686 687
687 688
688 689
689 690
690 691
691 692
692 693
693 694
694 695
695 696
696 697
697 698
698 699
699 700
700 701
701 702
702 703
703 704
704 705
705 706
706 707
707 708
708 709
709 710
710 711
711 712
712 713
713 714
714 715
715 716
716 717
717 718
718 719
719 720
720 721
721 722
722 723
723 724
724 725
725 726
726 727
727 728
728 729
729 730
730 731
731 732
732 733
733 734
734 735
735 736
736 737
737 738
738 739
739 740
740 741
741 742
742 743
743 744
744 745
745 746
746 747
747 748
748 749
749 750
750 751
751 752
752 753
753 754
754 755
755 756
756 757
757 758
758 759
759 760
760 761
761 762
762 763
763 764
764 765
765 766
766 767
767 768
768 769
769 770
770 771
771 772
772 773
773 774
774 775
775 776
776 777
777 778
778 779
779 780
780 781
781 782
782 783
783 784
784 785
785 786
786 787
787 788
788 789
789 790
790 791
791 792
792 793
793 794
794 795
795 796
796 797
797 798
798 799
799 800
;

param COST_int :=
1 65 8
1 469 7
1 709 5
1 731 6
2 24 4
2 104 7
2 374 4
2 424 10
2 447 5
2 545 7
3 216 7
3 416 5
3 708 8
4 469 5
5 57 10
5 210 10
5 506 5
5 563 6
5 616 10
5 699 4
5 739 4
6 147 4
6 723 12
6 727 5
6 776 11
7 160 9
7 366 4
7 453 9
7 626 12
8 278 3
8 557 10
9 15 6
9 124 5
9 280 10
9 492 3
9 500 5
9 575 11
10 23 11
10 60 7
10 136 5
10 291 3
11 159 5
11 583 5
11 660 5
12 304 11
12 536 6
12 542 5
12 544 10
12 749 7
13 70 10
13 373 12
13 452 5
13 582 8
13 625 5
14 87 6
14 110 9
14 368 5
15 58 11
15 138 9
15 267 10
15 622 9
15 630 3
16 339 3
16 397 3
16 451 11
16 665 6
17 110 6
17 154 8
17 485 6
17 525 8
17 553 12
18 100 7
18 111 3
18 488 12
18 579 8
18 695 9
19 787 6
20 36 6
20 39 8
20 81 8
20 97 4
20 176 7
21 50 3
21 56 4
21 243 9
21 318 4
21 649 11
21 679 11
21 728 9
22 510 12
22 674 5
23 124 7
23 184 8
23 228 4
23 435 12
24 263 3
24 484 4
25 125 8
25 411 11
25 484 9
25 781 8
26 232 11
26 572 5
27 129 9
27 268 4
27 357 5
27 370 4
27 484 7
27 742 5
27 766 4
28 52 7
28 207 10
28 293 10
28 354 3
28 691 5
28 749 8
29 281 6
29 544 7
29 730 7
30 66 8
30 299 6
30 411 12
31 263 8
31 375 12
31 474 4
32 139 7
32 222 5
32 253 11
32 257 9
32 413 6
32 470 5
32 711 9
33 448 3
33 687 10
33 711 10
33 734 12
34 78 8
34 128 7
34 198 3
34 242 5
34 327 8
34 455 12
34 564 3
34 763 9
34 775 5
35 294 10
35 406 7
35 466 12
35 586 9
35 605 8
35 766 5
36 93 4
36 218 7
36 283 4
37 317 4
37 434 3
37 516 12
37 643 3
38 101 11
38 313 6
38 421 12
38 468 5
38 573 3
38 625 8
39 77 8
39 104 9
39 558 7
41 213 5
41 280 5
42 115 8
42 123 10
42 168 11
42 312 9
42 506 4
42 606 11
42 712 4
43 366 3
43 434 3
44 516 9
45 60 3
45 638 5
46 219 7
46 763 10
47 274 5
47 284 8
47 420 11
47 640 11
47 741 11
48 99 5
48 392 11
48 421 9
49 185 4
49 209 12
49 220 6
49 301 12
49 341 5
50 171 5
50 298 3
50 675 12
50 737 7
50 739 7
50 756 3
51 146 10
51 342 6
51 378 12
51 397 7
52 200 4
52 342 9
52 509 9
53 72 12
53 283 12
53 285 8
53 287 3
53 380 10
53 579 8
53 690 11
54 456 7
54 567 5
54 775 8
55 113 12
55 292 6
55 308 9
55 671 7
57 327 3
57 712 5
58 71 9
58 102 9
58 634 12
59 168 3
59 446 6
59 630 10
59 691 11
60 542 10
61 397 11
62 227 9
62 270 12
62 409 3
62 546 4
62 661 10
62 711 11
63 83 5
63 168 5
63 329 7
63 414 4
63 489 3
63 494 11
64 155 8
64 173 10
64 750 5
65 140 3
65 379 7
65 408 10
65 495 11
65 622 7
65 650 11
66 172 11
66 225 3
66 277 3
67 269 6
67 332 7
68 207 3
68 406 7
68 539 5
68 596 12
68 676 5
69 310 3
69 782 5
70 502 6
70 571 4
70 698 10
71 184 8
71 242 12
71 296 8
72 145 11
72 727 9
72 756 8
73 559 8
74 97 12
74 701 11
74 799 9
75 457 4
75 634 6
75 693 11
75 754 5
76 329 11
76 367 6
77 130 9
77 160 3
77 274 3
78 156 12
78 274 8
78 315 5
78 407 5
78 505 8
79 266 3
79 366 3
80 137 12
80 152 8
80 599 6
80 733 9
81 302 4
81 344 6
81 455 3
83 576 8
83 632 7
84 153 6
84 293 7
84 301 6
84 303 7
84 595 4
84 642 6
85 255 12
85 366 8
85 373 12
85 687 12
85 701 11
85 742 5
86 221 11
86 254 3
86 293 11
86 345 12
87 372 12
87 728 6
87 788 8
88 105 6
88 109 9
88 207 10
88 277 6
88 395 3
88 556 8
89 169 9
89 544 5
89 616 8
90 358 6
90 647 5
90 739 12
91 310 9
91 482 5
91 556 5
93 384 10
93 638 4
94 137 12
94 181 4
94 228 11
94 281 4
94 595 4
94 639 9
95 186 10
96 469 11
96 664 11
96 725 7
97 126 4
97 232 6
98 456 10
98 462 10
98 515 4
98 636 3
98 641 3
99 577 5
99 623 11
99 650 3
100 464 6
101 483 3
101 526 10
101 644 7
101 791 11
102 118 5
102 700 5
103 259 4
103 281 9
103 388 11
103 537 6
103 542 4
103 696 4
103 725 11
104 108 7
104 154 5
104 658 6
105 132 10
105 386 9
105 760 12
106 520 6
106 525 4
106 529 6
106 761 4
107 234 7
107 404 9
107 633 11
108 209 7
108 397 6
108 658 7
108 695 7
108 744 7
109 147 7
109 242 9
109 644 4
109 653 10
109 777 6
110 147 10
111 164 6
111 425 4
111 495 12
111 519 5
111 587 3
111 627 7
111 690 4
111 763 7
112 169 3
112 624 12
112 691 7
113 780 11
114 298 3
115 166 5
115 412 10
116 352 8
116 362 7
117 322 7
117 618 5
119 142 12
119 665 3
120 156 10
120 393 6
120 462 3
121 673 9
121 678 6
121 769 8
121 770 3
122 310 7
122 568 11
123 213 10
123 555 8
123 643 11
124 513 11
124 531 11
124 798 7
125 303 7
125 428 11
125 529 3
126 335 10
127 400 10
127 731 7
128 251 11
129 378 8
129 787 4
130 472 9
130 699 9
130 726 9
131 174 11
131 194 3
131 523 5
132 636 3
132 690 5
132 751 10
133 662 6
134 161 6
134 382 12
134 469 4
134 714 4
135 408 4
135 537 11
135 543 8
136 381 7
136 545 5
136 772 8
137 156 11
137 308 3
137 460 3
138 475 3
139 553 3
139 561 6
139 621 10
140 573 11
140 757 6
141 281 5
142 166 12
142 423 5
142 509 6
142 633 7
143 205 11
143 266 6
143 291 4
143 564 7
143 673 9
145 412 6
145 439 12
145 624 9
145 682 11
146 612 9
147 285 5
147 294 7
147 339 8
147 374 4
147 504 10
147 538 3
147 543 4
148 192 7
148 301 9
148 419 10
149 286 12
149 400 6
149 420 5
149 518 6
149 530 7
149 596 5
150 342 6
151 311 9
151 358 6
151 634 5
151 651 5
152 278 8
152 402 8
152 409 10
152 424 5
152 428 7
152 595 4
152 780 3
153 191 6
153 201 8
153 480 7
153 507 11
153 610 6
154 247 9
154 564 4
154 729 10
155 186 9
155 203 10
155 584 11
156 609 6
156 713 11
156 728 4
157 213 6
157 266 11
158 275 8
158 350 11
158 707 7
159 195 9
159 612 4
159 664 10
160 401 7
160 426 5
160 443 4
161 518 5
161 636 7
161 678 11
162 180 3
162 195 5
162 247 4
162 558 4
162 660 11
162 681 10
163 367 12
163 428 8
163 740 9
163 787 9
164 557 11
164 619 10
164 696 9
164 789 6
165 221 9
165 355 11
166 314 11
166 382 7
166 673 4
166 781 7
167 461 5
167 503 8
167 507 12
167 797 9
168 211 6
168 434 10
168 455 6
168 638 4
168 671 7
169 288 8
169 458 11
169 564 6
169 620 9
169 671 3
169 730 9
170 182 3
170 536 7
170 743 5
171 252 3
171 292 8
171 368 5
171 450 4
171 473 11
171 771 6
172 443 3
172 665 3
172 671 11
172 726 10
173 333 11
173 734 7
174 458 12
174 613 12
176 418 10
176 526 10
176 533 10
176 562 4
176 572 4
176 721 8
177 364 12
177 467 3
177 497 4
177 558 3
177 566 8
177 761 7
178 274 6
178 369 3
178 457 7
178 505 8
178 548 8
178 565 10
179 318 10
179 630 4
179 787 4
180 235 5
180 746 6
180 790 11
181 220 9
181 254 11
181 446 6
181 479 7
181 769 11
182 269 9
182 415 4
182 733 3
183 231 9
183 378 4
183 521 3
183 574 12
183 585 6
183 632 6
184 344 7
184 491 6
184 596 4
184 614 3
185 356 12
186 650 5
187 474 3
187 481 10
188 398 6
188 409 7
188 740 8
189 347 12
190 191 11
190 338 3
190 452 12
191 218 5
191 243 8
191 317 7
191 378 8
191 570 4
191 646 6
191 723 10
191 766 3
192 257 5
192 329 12
192 459 12
193 211 3
193 589 11
194 563 3
195 367 12
195 528 5
196 244 7
196 333 7
196 369 9
196 593 4
196 732 9
196 792 7
197 354 9
197 647 9
197 661 10
197 774 3
198 380 9
198 431 8
198 454 7
198 610 12
198 655 4
198 759 7
199 458 9
199 752 4
200 236 3
200 260 5
200 326 9
200 383 10
200 493 10
200 536 10
201 410 4
201 527 5
201 634 6
201 718 6
201 780 11
202 348 5
202 527 6
203 679 12
203 689 10
204 476 6
205 232 10
205 482 3
205 487 6
206 271 11
206 711 5
207 594 8
208 227 8
209 456 9
209 734 10
210 321 9
210 360 10
210 422 10
211 250 12
211 388 12
211 420 7
211 457 3
211 512 6
212 242 6
212 331 6
212 335 9
212 388 9
212 502 6
212 510 4
212 752 7
213 221 8
213 554 7
213 582 8
214 229 11
214 276 11
214 567 7
214 657 5
214 671 11
214 716 8
215 605 12
215 625 3
215 634 7
216 217 3
216 245 8
216 277 5
216 408 6
216 458 3
216 476 5
216 787 5
217 448 12
217 484 9
217 522 3
217 735 5
219 284 10
219 473 11
219 490 12
219 642 9
219 652 5
220 320 4
220 511 12
220 719 4
221 724 10
222 575 12
222 656 12
222 751 12
222 756 4
223 602 8
224 240 11
224 335 9
224 352 12
225 320 8
225 765 6
226 640 8
226 665 9
227 354 9
227 430 12
227 601 3
228 257 12
228 402 12
228 703 6
229 270 6
229 384 3
229 561 5
230 351 8
230 489 10
230 545 9
230 753 11
231 734 6
231 786 11
232 442 10
232 722 7
232 761 11
233 511 3
233 714 6
233 740 7
234 365 11
234 402 8
234 463 7
234 464 5
234 553 10
234 634 3
234 670 8
235 347 6
235 417 10
235 450 9
236 352 8
236 617 3
236 777 11
237 250 12
237 356 12
237 381 7
238 385 5
238 576 11
239 300 9
239 565 5
239 663 10
239 718 10
240 254 7
240 704 5
241 586 3
241 609 4
241 674 10
242 376 12
242 562 9
243 318 10
244 407 5
244 450 8
244 609 10
245 266 7
245 568 8
247 353 11
247 797 5
248 783 6
249 418 4
249 453 7
250 514 10
250 659 7
250 701 12
251 325 9
251 651 12
252 300 6
252 358 10
252 463 9
254 367 5
254 604 5
254 790 8
255 607 11
255 776 6
256 296 9
256 579 8
256 679 3
256 745 10
257 531 9
258 687 7
259 478 7
260 483 10
262 404 7
262 517 10
262 576 7
262 789 12
263 334 6
263 393 3
264 286 6
264 629 4
264 772 8
265 760 6
266 394 11
266 648 9
267 303 6
267 321 5
267 505 4
268 458 9
268 469 11
268 581 7
268 777 10
268 787 6
269 562 7
269 623 6
270 555 5
270 625 10
271 633 9
271 790 12
272 489 12
272 490 3
272 508 7
272 546 5
272 581 10
272 792 10
273 339 9
273 749 6
274 479 7
275 476 11
275 481 4
275 723 10
275 799 3
276 283 7
276 442 5
276 513 7
277 314 10
277 607 12
277 641 9
278 296 3
278 383 3
278 406 12
278 449 10
278 474 9
278 668 10
278 754 5
279 281 9
279 292 7
279 330 12
279 517 3
279 518 3
280 586 4
280 664 9
280 698 6
280 763 11
281 447 4
281 689 4
281 764 4
282 391 8
282 500 4
283 541 3
283 697 10
284 330 4
284 682 3
285 371 3
285 428 7
285 586 3
285 774 5
286 582 12
286 604 6
287 352 5
287 526 3
287 770 11
288 798 7
289 507 5
289 557 7
289 784 9
290 340 8
290 660 7
291 340 6
291 349 6
291 524 6
291 567 11
291 610 7
291 644 8
292 434 5
292 454 9
292 549 9
294 539 11
294 639 12
295 399 8
295 513 6
295 595 9
295 679 11
296 297 4
296 325 10
296 652 10
298 678 7
299 338 7
299 358 5
299 360 11
299 542 9
300 436 4
300 598 3
300 783 11
300 795 11
301 735 6
302 488 6
302 579 6
302 723 7
302 737 10
303 448 9
303 461 5
303 663 8
303 715 11
304 312 9
304 619 10
305 315 3
305 416 6
305 573 10
305 586 7
305 717 8
306 407 8
307 368 3
307 628 6
307 662 8
307 786 3
308 619 10
308 641 10
308 643 11
308 657 7
309 337 6
310 468 12
310 633 7
310 654 5
311 437 9
311 532 8
311 561 10
311 685 9
312 481 5
312 704 9
312 796 8
313 504 12
313 674 10
313 738 3
313 764 11
314 426 3
314 465 6
314 487 7
314 497 7
314 692 7
314 697 12
314 756 5
315 742 11
316 362 7
316 488 8
316 641 10
317 409 10
317 575 9
317 663 6
318 379 4
319 671 10
320 482 11
321 605 4
322 524 12
322 631 4
322 714 10
323 413 6
323 595 12
323 655 10
324 330 12
324 538 10
325 623 5
326 729 7
326 735 7
326 785 3
327 339 11
327 353 12
327 451 3
327 630 5
327 639 8
328 474 9
328 774 11
329 559 12
329 578 6
329 638 4
329 640 7
329 646 4
329 682 4
330 555 3
330 708 7
331 472 6
331 693 11
331 714 6
332 401 11
332 616 8
333 592 12
333 784 3
334 474 9
334 574 11
334 582 9
335 706 3
336 743 7
337 565 8
338 520 10
339 748 4
339 793 10
341 381 4
341 470 5
341 605 9
341 724 5
342 412 9
343 441 10
343 487 3
343 553 4
343 582 9
343 687 8
343 759 6
344 400 9
344 607 7
344 799 8
345 378 3
345 719 10
346 592 4
347 388 7
347 591 5
348 413 8
348 443 8
348 668 7
349 683 12
349 722 8
349 724 8
350 781 4
351 365 10
351 564 7
351 629 10
351 748 8
352 414 9
353 722 5
354 674 12
354 765 7
355 688 11
356 386 5
356 501 11
357 398 12
357 483 10
357 645 5
357 673 10
357 740 5
358 471 5
359 443 4
359 666 12
360 644 8
361 379 12
361 425 7
361 466 11
361 512 7
361 756 8
362 657 4
363 607 9
364 372 7
364 758 8
364 793 4
366 604 6
366 643 6
367 395 3
367 640 8
367 664 7
369 482 8
369 564 8
369 620 9
369 797 6
370 405 10
370 455 10
370 585 3
371 379 3
371 382 3
371 499 9
372 549 3
374 461 3
375 459 6
375 741 7
376 601 3
377 613 9
378 415 3
378 621 4
378 678 3
379 396 4
379 461 6
379 621 8
379 646 11
380 496 8
380 624 3
380 777 10
381 460 5
381 543 8
382 398 7
382 463 10
382 612 10
382 653 4
382 771 11
383 644 4
383 777 11
384 449 10
384 488 5
384 500 5
384 540 10
384 730 8
385 458 11
385 613 9
385 633 11
387 507 5
387 656 8
387 673 6
387 707 3
388 572 6
388 583 5
389 610 5
389 671 4
390 668 6
390 799 9
393 735 8
393 771 5
394 475 7
394 489 11
394 496 3
394 506 3
394 545 10
395 450 3
395 573 8
395 674 5
395 701 12
396 652 5
396 741 10
397 607 7
397 684 12
399 619 3
399 743 7
399 769 10
400 564 8
400 743 11
402 655 4
402 681 6
403 596 4
404 421 9
404 729 6
405 727 10
405 777 8
406 459 12
406 731 4
407 573 8
407 687 12
407 774 10
408 695 4
408 775 8
409 759 12
410 423 6
410 546 10
410 558 11
410 627 4
411 449 4
411 632 5
412 485 8
412 635 8
412 668 10
412 679 12
413 779 3
414 597 8
414 649 8
414 678 9
415 576 11
415 577 12
415 659 3
415 666 7
415 790 10
418 422 11
418 784 8
421 435 4
421 527 3
422 709 9
424 475 11
424 566 7
424 748 4
425 662 12
427 467 11
427 502 12
429 450 8
429 729 3
430 529 12
430 606 4
430 704 12
430 718 8
430 735 12
431 477 5
431 484 3
431 497 10
431 501 10
431 678 6
432 606 12
432 661 5
433 492 6
433 493 5
433 542 6
435 512 5
435 657 7
435 689 6
436 466 7
436 584 9
436 585 4
436 767 4
437 511 3
437 705 4
438 513 6
438 536 12
439 474 10
439 479 10
439 626 4
439 649 10
439 764 4
440 543 8
441 553 7
441 717 6
441 721 4
442 684 6
442 700 3
443 528 5
443 606 12
443 773 11
444 731 8
445 603 6
445 664 5
446 554 11
446 706 4
446 767 11
447 521 4
447 678 11
448 461 11
448 473 11
449 686 12
450 551 9
450 627 4
450 747 4
451 480 12
452 561 7
452 687 4
454 682 3
454 720 11
454 723 7
454 731 7
454 762 10
455 750 10
455 758 9
456 526 5
456 771 11
457 488 12
457 657 6
457 725 3
458 581 3
459 471 7
459 677 5
460 503 6
460 575 8
460 784 9
461 489 8
461 625 9
461 751 11
463 606 10
464 559 3
464 608 11
464 659 4
466 499 3
466 501 12
466 503 6
466 547 3
466 560 9
466 614 8
466 622 3
466 672 10
468 500 5
468 591 8
468 731 6
469 642 10
469 717 5
470 587 3
471 522 11
471 526 10
472 597 6
472 651 7
472 698 3
474 480 4
474 497 10
474 521 10
474 753 9
474 770 9
475 684 3
477 671 12
478 795 10
479 603 9
479 746 7
479 758 10
481 574 11
481 677 12
482 585 5
482 599 4
482 665 8
482 748 7
484 633 10
484 671 6
485 702 9
486 796 5
487 491 3
487 494 12
487 705 12
487 707 8
487 746 6
490 662 10
491 543 11
491 659 7
493 672 6
493 791 9
494 538 5
494 689 5
494 703 11
496 504 7
496 693 3
497 578 7
497 581 12
497 654 4
497 732 5
498 582 10
500 584 9
500 689 8
504 507 4
504 742 9
505 618 9
505 790 3
507 583 11
507 740 5
507 800 11
508 585 10
508 681 7
509 655 9
510 561 5
510 692 11
510 739 10
511 598 11
511 655 11
512 661 9
513 524 12
513 576 3
513 728 5
513 742 3
513 788 11
514 558 9
515 800 3
516 760 12
517 636 6
518 556 9
519 552 9
519 584 8
519 597 11
519 634 7
521 608 8
521 613 12
521 757 5
522 777 8
522 780 4
523 565 11
524 752 12
525 647 8
525 785 4
527 560 12
527 762 8
528 742 4
528 796 4
531 711 12
531 728 10
532 676 11
532 799 10
533 571 12
533 724 8
534 639 6
535 647 4
535 794 6
536 553 8
537 723 7
538 558 6
541 587 12
542 559 10
542 571 9
542 645 10
543 548 5
545 706 8
545 732 6
546 653 12
547 606 7
547 674 7
548 616 4
548 693 12
550 704 7
552 641 5
552 724 7
552 758 7
552 780 11
553 793 11
554 562 11
554 620 8
554 621 9
555 575 6
555 598 12
555 634 8
556 694 12
557 664 8
557 756 7
558 567 12
558 637 3
558 643 4
565 638 4
566 697 6
566 777 6
567 597 8
567 711 9
568 688 10
569 694 7
571 766 10
572 746 6
574 625 6
575 695 10
575 774 8
576 706 3
577 788 9
578 681 5
578 779 11
579 583 12
579 630 11
580 647 6
581 619 4
585 688 8
588 791 7
589 686 11
590 610 11
590 742 8
590 754 10
591 754 7
592 779 5
593 690 10
594 792 10
595 652 8
595 664 10
595 762 3
596 624 4
596 673 8
596 675 11
596 752 9
597 647 12
597 651 11
597 707 11
598 746 9
600 717 7
600 774 6
601 603 6
602 792 5
602 797 8
604 733 9
604 741 10
604 790 9
605 617 11
605 641 4
606 639 7
606 681 11
609 745 8
610 654 9
612 772 12
614 775 6
616 648 10
616 770 10
620 686 12
624 670 10
624 762 8
625 670 10
625 779 11
629 732 3
630 735 3
630 783 12
633 797 5
635 793 8
638 679 4
638 736 3
638 783 5
639 688 6
639 727 5
640 743 8
641 777 3
646 692 7
646 695 11
646 755 6
647 685 10
647 694 9
649 708 8
649 724 10
650 758 9
651 702 11
653 764 4
653 788 10
654 692 5
654 770 8
656 663 4
656 679 3
656 681 12
660 689 9
663 758 11
663 762 7
663 777 3
664 677 10
665 669 9
666 737 9
666 771 3
667 709 10
670 685 4
677 680 3
687 708 8
687 719 6
687 769 6
688 758 10
689 727 9
692 703 3
694 757 12
694 779 10
696 729 8
699 726 9
702 729 4
703 788 5
704 739 12
705 748 10
706 731 8
709 731 11
709 799 3
710 746 4
713 730 11
714 740 5
718 747 10
720 772 9
736 792 8
738 754 11
739 758 12
739 765 8
741 761 9
741 762 5
742 791 8
743 773 9
746 761 4
753 797 4
754 763 10
759 781 11
767 790 8
771 776 6
776 786 7
1 2 3
2 3 5
3 4 9
4 5 10
5 6 9
6 7 12
7 8 10
8 9 7
9 10 9
10 11 5
11 12 5
12 13 9
13 14 7
14 15 5
15 16 10
16 17 4
17 18 11
18 19 7
19 20 3
20 21 7
21 22 11
22 23 8
23 24 3
24 25 8
25 26 7
26 27 12
27 28 9
28 29 11
29 30 7
30 31 3
31 32 8
32 33 5
33 34 3
34 35 4
35 36 6
36 37 7
37 38 5
38 39 11
39 40 5
40 41 12
41 42 11
42 43 5
43 44 4
44 45 4
45 46 7
46 47 12
47 48 4
48 49 12
49 50 6
50 51 7
51 52 6
52 53 12
53 54 3
54 55 6
55 56 12
56 57 7
57 58 5
58 59 10
59 60 8
60 61 11
61 62 4
62 63 12
63 64 7
64 65 11
65 66 12
66 67 6
67 68 9
68 69 10
69 70 11
70 71 11
71 72 11
72 73 10
73 74 7
74 75 12
75 76 7
76 77 6
77 78 3
78 79 10
79 80 11
80 81 10
81 82 11
82 83 9
83 84 11
84 85 6
85 86 7
86 87 10
87 88 4
88 89 10
89 90 4
90 91 8
91 92 9
92 93 9
93 94 6
94 95 4
95 96 10
96 97 10
97 98 8
98 99 5
99 100 12
100 101 6
101 102 8
102 103 3
103 104 5
104 105 3
105 106 12
106 107 9
107 108 10
108 109 7
109 110 3
110 111 11
111 112 8
112 113 11
113 114 10
114 115 8
115 116 7
116 117 11
117 118 3
118 119 9
119 120 4
120 121 10
121 122 8
122 123 6
123 124 4
124 125 7
125 126 11
126 127 5
127 128 6
128 129 11
129 130 4
130 131 6
131 132 8
132 133 4
133 134 8
134 135 8
135 136 10
136 137 4
137 138 7
138 139 12
139 140 7
140 141 11
141 142 8
142 143 7
143 144 8
144 145 3
145 146 5
146 147 5
147 148 8
148 149 9
149 150 7
150 151 11
151 152 8
152 153 5
153 154 3
154 155 8
155 156 5
156 157 3
157 158 9
158 159 6
159 160 4
160 161 4
161 162 10
162 163 4
163 164 4
164 165 5
165 166 9
166 167 3
167 168 8
168 169 8
169 170 7
170 171 4
171 172 6
172 173 10
173 174 5
174 175 5
175 176 8
176 177 11
177 178 6
178 179 3
179 180 11
180 181 4
181 182 9
182 183 10
183 184 4
184 185 3
185 186 10
186 187 5
187 188 3
188 189 3
189 190 7
191 192 7
192 193 6
193 194 3
194 195 5
195 196 7
196 197 8
197 198 7
198 199 7
199 200 11
200 201 9
201 202 11
202 203 5
203 204 6
204 205 5
205 206 5
206 207 11
207 208 8
208 209 10
209 210 4
210 211 10
211 212 5
212 213 7
213 214 10
214 215 8
215 216 11
217 218 3
218 219 4
219 220 4
220 221 6
221 222 7
222 223 5
223 224 8
224 225 11
225 226 10
226 227 4
227 228 3
228 229 5
229 230 6
230 231 5
231 232 8
232 233 4
233 234 10
234 235 10
235 236 11
236 237 3
237 238 10
238 239 6
239 240 5
240 241 8
241 242 11
242 243 10
243 244 7
244 245 8
245 246 4
246 247 9
247 248 8
248 249 4
249 250 4
250 251 7
251 252 5
252 253 12
253 254 4
254 255 3
255 256 8
256 257 8
257 258 3
258 259 7
259 260 5
260 261 8
261 262 11
262 263 8
263 264 4
264 265 10
265 266 8
266 267 11
267 268 5
268 269 12
269 270 6
270 271 7
271 272 7
272 273 3
273 274 7
274 275 3
275 276 10
276 277 6
277 278 9
278 279 4
279 280 7
280 281 9
281 282 11
282 283 11
283 284 11
284 285 10
285 286 10
286 287 11
287 288 8
288 289 4
289 290 7
290 291 3
291 292 11
292 293 5
293 294 8
294 295 8
295 296 7
297 298 5
298 299 7
299 300 3
300 301 7
301 302 12
302 303 8
303 304 5
304 305 4
305 306 4
306 307 4
307 308 3
308 309 6
309 310 11
310 311 5
311 312 10
312 313 5
313 314 8
314 315 7
315 316 11
316 317 4
317 318 9
318 319 3
319 320 11
320 321 4
321 322 12
322 323 5
323 324 7
324 325 8
325 326 11
326 327 6
327 328 10
328 329 7
329 330 6
330 331 3
331 332 4
332 333 7
333 334 12
334 335 7
335 336 5
336 337 4
337 338 6
338 339 7
339 340 3
340 341 4
341 342 6
342 343 7
343 344 5
344 345 4
345 346 10
346 347 8
347 348 9
348 349 5
349 350 8
350 351 11
351 352 4
352 353 6
353 354 8
354 355 7
355 356 4
356 357 3
357 358 5
358 359 10
359 360 4
360 361 7
361 362 3
362 363 5
363 364 4
364 365 9
365 366 3
366 367 10
367 368 5
368 369 11
369 370 11
370 371 9
371 372 3
372 373 8
373 374 11
374 375 5
375 376 3
376 377 6
377 378 9
378 379 5
379 380 7
380 381 5
381 382 10
382 383 10
383 384 11
384 385 4
385 386 5
386 387 10
387 388 10
388 389 4
389 390 4
390 391 3
391 392 10
392 393 9
393 394 7
394 395 8
395 396 5
396 397 7
397 398 3
398 399 4
399 400 4
400 401 4
401 402 7
402 403 12
403 404 7
404 405 5
405 406 8
406 407 3
407 408 8
408 409 7
409 410 5
410 411 6
411 412 8
412 413 7
413 414 5
414 415 3
415 416 4
416 417 4
417 418 7
418 419 6
419 420 8
420 421 6
421 422 7
422 423 7
423 424 8
424 425 10
425 426 5
426 427 11
427 428 7
428 429 6
429 430 4
430 431 6
431 432 3
432 433 9
433 434 12
434 435 6
435 436 8
436 437 6
437 438 3
438 439 11
439 440 8
440 441 4
441 442 6
442 443 11
443 444 9
444 445 12
445 446 9
446 447 12
447 448 8
448 449 5
449 450 3
450 451 12
451 452 6
452 453 8
453 454 7
454 455 8
455 456 12
456 457 6
457 458 3
458 459 12
459 460 9
460 461 5
461 462 4
462 463 3
463 464 9
464 465 9
465 466 10
466 467 9
467 468 9
468 469 9
469 470 9
470 471 8
471 472 5
472 473 3
473 474 7
474 475 6
475 476 4
476 477 8
477 478 4
478 479 11
479 480 9
480 481 11
481 482 8
482 483 8
483 484 9
484 485 11
485 486 12
486 487 5
487 488 12
488 489 6
489 490 7
490 491 3
491 492 9
492 493 7
493 494 3
494 495 9
495 496 6
496 497 8
497 498 7
498 499 7
499 500 10
500 501 11
501 502 5
502 503 8
503 504 5
504 505 10
505 506 7
506 507 9
507 508 11
508 509 9
509 510 9
510 511 6
511 512 12
512 513 8
513 514 6
514 515 8
515 516 12
516 517 8
517 518 11
518 519 12
519 520 3
520 521 7
521 522 11
522 523 8
523 524 6
524 525 11
525 526 3
526 527 6
527 528 4
528 529 11
529 530 12
530 531 11
531 532 6
532 533 5
533 534 12
534 535 12
535 536 3
536 537 4
537 538 7
538 539 4
539 540 10
540 541 9
541 542 8
542 543 5
543 544 11
544 545 12
545 546 11
546 547 11
547 548 11
548 549 6
549 550 4
550 551 4
551 552 7
552 553 4
553 554 4
554 555 11
555 556 6
556 557 11
557 558 3
558 559 3
559 560 7
560 561 7
561 562 12
562 563 8
563 564 3
564 565 7
565 566 5
566 567 3
567 568 8
568 569 12
569 570 9
570 571 4
571 572 12
572 573 11
573 574 9
574 575 11
575 576 9
576 577 8
577 578 5
578 579 7
579 580 10
580 581 4
581 582 9
582 583 6
583 584 7
584 585 12
585 586 7
586 587 12
587 588 10
588 589 11
589 590 12
590 591 10
591 592 11
592 593 12
593 594 9
594 595 8
595 596 10
596 597 4
597 598 9
598 599 10
599 600 10
600 601 8
601 602 10
602 603 4
603 604 4
604 605 3
605 606 10
606 607 8
607 608 10
608 609 12
609 610 6
610 611 7
611 612 11
612 613 4
613 614 5
614 615 7
615 616 8
616 617 3
617 618 8
618 619 7
619 620 6
620 621 9
621 622 7
622 623 7
623 624 3
624 625 7
625 626 7
626 627 11
627 628 12
628 629 3
629 630 6
630 631 5
631 632 4
632 633 6
633 634 11
634 635 4
635 636 5
636 637 4
637 638 3
638 639 7
639 640 9
640 641 9
641 642 6
642 643 10
643 644 3
644 645 5
645 646 11
646 647 11
647 648 4
648 649 12
649 650 3
650 651 7
651 652 5
652 653 7
653 654 8
654 655 9
655 656 3
656 657 4
657 658 6
658 659 5
659 660 4
660 661 7
661 662 6
662 663 10
663 664 11
664 665 5
665 666 5
666 667 5
667 668 5
668 669 5
669 670 7
670 671 5
671 672 12
672 673 9
673 674 10
674 675 10
675 676 9
676 677 9
677 678 4
678 679 11
679 680 6
680 681 4
681 682 5
682 683 3
683 684 10
684 685 3
685 686 3
686 687 11
687 688 9
688 689 5
689 690 5
690 691 3
691 692 11
692 693 10
693 694 10
694 695 10
695 696 8
696 697 7
697 698 11
698 699 4
699 700 12
700 701 3
701 702 8
702 703 9
703 704 10
704 705 10
705 706 8
706 707 12
707 708 4
708 709 8
709 710 12
710 711 4
711 712 9
712 713 10
713 714 10
714 715 6
715 716 9
716 717 12
717 718 4
718 719 6
719 720 5
720 721 8
721 722 6
722 723 12
723 724 5
724 725 12
725 726 10
726 727 8
727 728 3
728 729 8
729 730 12
730 731 12
731 732 8
732 733 7
733 734 4
734 735 8
735 736 8
736 737 8
737 738 7
738 739 7
739 740 3
740 741 6
741 742 4
742 743 4
743 744 6
744 745 7
745 746 9
746 747 11
747 748 9
748 749 9
749 750 4
750 751 10
751 752 7
752 753 9
753 754 8
754 755 6
755 756 3
756 757 8
757 758 8
758 759 8
759 760 8
760 761 6
761 762 4
762 763 11
763 764 5
764 765 10
765 766 3
766 767 12
767 768 3
768 769 5
769 770 7
770 771 10
771 772 12
772 773 8
773 774 3
774 775 12
775 776 9
776 777 11
777 778 8
778 779 12
779 780 3
780 781 9
781 782 3
782 783 5
783 784 4
784 785 11
785 786 7
786 787 10
787 788 12
788 789 4
789 790 9
790 791 9
791 792 5
792 793 8
793 794 10
794 795 12
795 796 5
796 797 11
797 798 9
798 799 3
799 800 12
;

