# GRAFO
1 2 44.834000
1 3 83.808000
1 4 12.825000
1 5 85.650000
1 6 9.165000
1 7 46.114000
1 8 15.280000
1 9 55.848000
1 10 51.765000
1 11 5.233000
1 12 37.049000
1 13 99.199000
1 14 50.010000
1 15 54.470000
1 16 44.568000
1 17 81.990000
1 18 69.474000
1 19 59.980000
1 20 90.076000
1 21 0.845000
1 22 77.863000
1 23 93.958000
1 24 43.470000
1 25 53.651000
1 26 52.010000
1 27 6.362000
1 28 4.116000
1 29 65.698000
1 30 9.645000
1 31 37.088000
1 32 72.431000
1 33 28.165000
1 34 1.209000
1 35 8.611000
1 36 51.874000
1 37 66.193000
1 38 96.667000
1 39 84.673000
1 40 17.852000
1 41 24.528000
1 42 27.276000
1 43 66.668000
1 44 59.190000
1 45 26.970000
1 46 25.534000
1 47 68.033000
1 48 48.960000
1 49 8.743000
1 50 49.004000
1 51 89.578000
1 52 23.187000
1 53 15.497000
1 54 99.685000
1 55 85.278000
1 56 23.019000
1 57 62.825000
1 58 73.852000
1 59 18.726000
1 60 93.430000
2 1 2.909000
2 3 15.536000
2 4 74.448000
2 5 58.033000
2 6 45.531000
2 7 95.064000
2 8 45.877000
2 9 73.056000
2 10 46.714000
2 11 44.672000
2 12 84.862000
2 13 98.527000
2 14 58.966000
2 15 1.683000
2 16 85.050000
2 17 33.100000
2 18 19.183000
2 19 11.887000
2 20 51.042000
2 21 83.030000
2 22 97.470000
2 23 29.395000
2 24 69.967000
2 25 64.667000
2 26 61.715000
2 27 44.946000
2 28 66.252000
2 29 53.597000
2 30 15.776000
2 31 17.259000
2 32 43.637000
2 33 71.454000
2 34 68.315000
2 35 99.421000
2 36 5.555000
2 37 62.747000
2 38 24.733000
2 39 45.208000
2 40 6.512000
2 41 53.759000
2 42 50.707000
2 43 16.996000
2 44 74.885000
2 45 42.255000
2 46 98.517000
2 47 91.932000
2 48 17.920000
2 49 96.057000
2 50 75.503000
2 51 85.465000
2 52 7.380000
2 53 83.966000
2 54 74.267000
2 55 3.223000
2 56 62.931000
2 57 76.974000
2 58 97.820000
2 59 98.063000
2 60 64.148000
3 1 37.166000
3 2 63.886000
3 4 69.866000
3 5 74.024000
3 6 13.430000
3 7 60.696000
3 8 63.202000
3 9 25.888000
3 10 43.821000
3 11 42.843000
3 12 86.331000
3 13 22.517000
3 14 98.850000
3 15 38.816000
3 16 12.498000
3 17 59.380000
3 18 97.657000
3 19 67.531000
3 20 6.576000
3 21 99.520000
3 22 4.927000
3 23 29.046000
3 24 81.675000
3 25 81.349000
3 26 77.881000
3 27 37.150000
3 28 34.573000
3 29 87.462000
3 30 47.844000
3 31 29.894000
3 32 83.557000
3 33 72.546000
3 34 79.493000
3 35 75.607000
3 36 38.058000
3 37 83.267000
3 38 54.507000
3 39 6.267000
3 40 44.462000
3 41 38.221000
3 42 49.543000
3 43 88.280000
3 44 65.993000
3 45 1.295000
3 46 22.855000
3 47 22.011000
3 48 72.418000
3 49 39.295000
3 50 47.445000
3 51 72.434000
3 52 47.721000
3 53 6.700000
3 54 9.216000
3 55 23.141000
3 56 6.632000
3 57 45.630000
3 58 5.247000
3 59 63.689000
3 60 32.463000
4 1 38.750000
4 2 61.537000
4 3 23.820000
4 5 58.864000
4 6 19.581000
4 7 87.643000
4 8 34.437000
4 9 84.601000
4 10 12.590000
4 11 54.662000
4 12 81.921000
4 13 77.706000
4 14 40.329000
4 15 17.678000
4 16 62.385000
4 17 17.402000
4 18 50.116000
4 19 27.949000
4 20 81.224000
4 21 24.523000
4 22 46.867000
4 23 32.663000
4 24 77.536000
4 25 12.840000
4 26 58.877000
4 27 75.239000
4 28 21.340000
4 29 60.181000
4 30 8.085000
4 31 95.119000
4 32 5.579000
4 33 0.503000
4 34 79.156000
4 35 16.573000
4 36 65.398000
4 37 17.587000
4 38 31.891000
4 39 32.365000
4 40 88.741000
4 41 69.096000
4 42 60.682000
4 43 52.222000
4 44 79.362000
4 45 89.968000
4 46 60.714000
4 47 73.790000
4 48 3.506000
4 49 73.246000
4 50 87.814000
4 51 48.583000
4 52 13.331000
4 53 42.203000
4 54 61.775000
4 55 15.923000
4 56 58.795000
4 57 40.866000
4 58 29.838000
4 59 61.906000
4 60 31.995000
5 1 48.400000
5 2 58.918000
5 3 32.329000
5 4 24.180000
5 6 35.379000
5 7 41.881000
5 8 42.118000
5 9 40.510000
5 10 78.175000
5 11 71.665000
5 12 14.450000
5 13 95.713000
5 14 97.470000
5 15 12.175000
5 16 30.000000
5 17 54.244000
5 18 10.671000
5 19 81.559000
5 20 83.800000
5 21 74.647000
5 22 14.059000
5 23 5.662000
5 24 83.198000
5 25 2.253000
5 26 0.597000
5 27 78.682000
5 28 96.172000
5 29 21.593000
5 30 95.890000
5 31 98.687000
5 32 6.292000
5 33 47.757000
5 34 93.019000
5 35 20.815000
5 36 37.507000
5 37 60.899000
5 38 47.845000
5 39 68.104000
5 40 39.741000
5 41 64.252000
5 42 26.369000
5 43 58.292000
5 44 27.884000
5 45 53.584000
5 46 23.225000
5 47 38.923000
5 48 66.352000
5 49 99.449000
5 50 69.113000
5 51 77.656000
5 52 19.514000
5 53 70.610000
5 54 47.864000
5 55 58.824000
5 56 17.692000
5 57 17.844000
5 58 86.448000
5 59 21.931000
5 60 76.590000
6 1 26.920000
6 2 75.868000
6 3 27.046000
6 4 70.628000
6 5 3.524000
6 7 41.478000
6 8 85.468000
6 9 43.714000
6 10 4.507000
6 11 77.629000
6 12 33.200000
6 13 10.022000
6 14 8.353000
6 15 24.137000
6 16 36.192000
6 17 16.623000
6 18 78.490000
6 19 84.214000
6 20 53.362000
6 21 91.873000
6 22 15.200000
6 23 87.198000
6 24 57.410000
6 25 33.801000
6 26 50.168000
6 27 18.632000
6 28 72.885000
6 29 15.007000
6 30 8.177000
6 31 15.755000
6 32 21.513000
6 33 57.399000
6 34 74.015000
6 35 17.331000
6 36 62.026000
6 37 89.222000
6 38 47.911000
6 39 43.831000
6 40 89.561000
6 41 81.073000
6 42 89.298000
6 43 59.392000
6 44 65.019000
6 45 52.705000
6 46 13.983000
6 47 36.965000
6 48 82.590000
6 49 70.022000
6 50 81.649000
6 51 0.317000
6 52 38.722000
6 53 26.731000
6 54 91.141000
6 55 13.920000
6 56 9.512000
6 57 13.087000
6 58 3.165000
6 59 45.177000
6 60 41.672000
7 1 82.508000
7 2 96.061000
7 3 41.592000
7 4 25.070000
7 5 69.217000
7 6 76.264000
7 8 74.347000
7 9 85.790000
7 10 49.692000
7 11 32.635000
7 12 1.447000
7 13 41.560000
7 14 79.030000
7 15 19.815000
7 16 38.175000
7 17 9.367000
7 18 91.201000
7 19 84.397000
7 20 0.334000
7 21 38.381000
7 22 62.675000
7 23 2.868000
7 24 0.591000
7 25 3.020000
7 26 4.632000
7 27 75.026000
7 28 64.396000
7 29 95.893000
7 30 34.349000
7 31 71.808000
7 32 31.365000
7 33 98.416000
7 34 81.646000
7 35 67.023000
7 36 82.925000
7 37 15.879000
7 38 31.713000
7 39 28.360000
7 40 76.176000
7 41 49.132000
7 42 90.384000
7 43 89.658000
7 44 58.931000
7 45 71.911000
7 46 95.999000
7 47 54.014000
7 48 17.799000
7 49 35.500000
7 50 70.716000
7 51 7.023000
7 52 65.351000
7 53 60.685000
7 54 91.301000
7 55 66.323000
7 56 45.021000
7 57 83.357000
7 58 70.525000
7 59 80.593000
7 60 10.005000
8 1 0.239000
8 2 22.097000
8 3 68.281000
8 4 95.905000
8 5 55.674000
8 6 6.250000
8 7 3.286000
8 9 74.212000
8 10 0.933000
8 11 25.273000
8 12 95.911000
8 13 12.933000
8 14 1.147000
8 15 28.958000
8 16 51.576000
8 17 93.467000
8 18 68.265000
8 19 53.697000
8 20 32.478000
8 21 58.323000
8 22 68.869000
8 23 96.497000
8 24 23.488000
8 25 35.672000
8 26 90.233000
8 27 51.447000
8 28 84.764000
8 29 28.385000
8 30 99.282000
8 31 13.592000
8 32 11.330000
8 33 34.918000
8 34 85.100000
8 35 98.435000
8 36 58.320000
8 37 76.829000
8 38 95.994000
8 39 0.793000
8 40 4.634000
8 41 96.127000
8 42 96.999000
8 43 91.999000
8 44 34.958000
8 45 25.062000
8 46 69.103000
8 47 66.985000
8 48 9.839000
8 49 79.299000
8 50 12.069000
8 51 83.125000
8 52 87.064000
8 53 37.714000
8 54 18.232000
8 55 94.730000
8 56 43.317000
8 57 88.920000
8 58 34.030000
8 59 57.757000
8 60 79.048000
9 1 49.964000
9 2 85.788000
9 3 85.697000
9 4 14.665000
9 5 59.623000
9 6 20.613000
9 7 4.356000
9 8 91.685000
9 10 3.533000
9 11 55.106000
9 12 10.580000
9 13 60.990000
9 14 4.146000
9 15 26.665000
9 16 44.158000
9 17 53.967000
9 18 74.583000
9 19 13.142000
9 20 21.455000
9 21 84.078000
9 22 12.009000
9 23 25.844000
9 24 87.534000
9 25 5.376000
9 26 5.433000
9 27 63.432000
9 28 45.750000
9 29 74.839000
9 30 16.917000
9 31 6.959000
9 32 47.970000
9 33 97.350000
9 34 82.740000
9 35 10.051000
9 36 31.530000
9 37 35.649000
9 38 88.466000
9 39 58.494000
9 40 22.905000
9 41 39.143000
9 42 43.184000
9 43 3.758000
9 44 24.683000
9 45 62.627000
9 46 62.485000
9 47 0.041000
9 48 89.532000
9 49 16.050000
9 50 7.020000
9 51 53.026000
9 52 3.765000
9 53 73.356000
9 54 9.562000
9 55 82.858000
9 56 89.432000
9 57 76.076000
9 58 6.177000
9 59 78.196000
9 60 90.569000
10 1 87.766000
10 2 69.066000
10 3 83.521000
10 4 62.046000
10 5 56.557000
10 6 84.649000
10 7 7.467000
10 8 61.837000
10 9 33.834000
10 11 29.533000
10 12 63.105000
10 13 22.662000
10 14 75.671000
10 15 93.935000
10 16 7.334000
10 17 26.966000
10 18 95.874000
10 19 72.898000
10 20 11.096000
10 21 62.796000
10 22 73.617000
10 23 68.203000
10 24 23.704000
10 25 35.670000
10 26 73.280000
10 27 12.348000
10 28 56.724000
10 29 38.763000
10 30 40.369000
10 31 68.883000
10 32 55.200000
10 33 14.664000
10 34 41.414000
10 35 64.673000
10 36 1.779000
10 37 30.583000
10 38 88.679000
10 39 10.636000
10 40 1.574000
10 41 34.236000
10 42 98.644000
10 43 23.310000
10 44 69.790000
10 45 50.372000
10 46 88.187000
10 47 15.434000
10 48 98.427000
10 49 2.584000
10 50 41.725000
10 51 64.044000
10 52 86.405000
10 53 27.542000
10 54 56.618000
10 55 7.045000
10 56 62.770000
10 57 99.908000
10 58 49.288000
10 59 71.170000
10 60 62.007000
11 1 20.707000
11 2 62.490000
11 3 69.115000
11 4 27.536000
11 5 9.040000
11 6 58.458000
11 7 1.441000
11 8 47.677000
11 9 72.028000
11 10 33.987000
11 12 17.912000
11 13 44.420000
11 14 56.127000
11 15 63.958000
11 16 85.569000
11 17 84.504000
11 18 18.497000
11 19 62.037000
11 20 43.300000
11 21 55.218000
11 22 27.361000
11 23 83.347000
11 24 8.078000
11 25 50.358000
11 26 80.286000
11 27 89.255000
11 28 76.817000
11 29 31.567000
11 30 29.170000
11 31 80.960000
11 32 84.318000
11 33 16.126000
11 34 23.165000
11 35 20.451000
11 36 99.448000
11 37 29.363000
11 38 10.959000
11 39 57.283000
11 40 10.739000
11 41 19.123000
11 42 6.176000
11 43 27.300000
11 44 8.091000
11 45 15.794000
11 46 43.354000
11 47 16.668000
11 48 39.030000
11 49 45.133000
11 50 55.505000
11 51 62.157000
11 52 86.971000
11 53 2.024000
11 54 17.689000
11 55 72.220000
11 56 39.892000
11 57 99.072000
11 58 30.893000
11 59 63.321000
11 60 26.375000
12 1 42.981000
12 2 92.869000
12 3 48.432000
12 4 55.695000
12 5 77.070000
12 6 45.226000
12 7 21.533000
12 8 37.126000
12 9 10.872000
12 10 88.366000
12 11 46.801000
12 13 79.843000
12 14 71.803000
12 15 50.742000
12 16 25.858000
12 17 61.452000
12 18 94.946000
12 19 75.477000
12 20 79.080000
12 21 85.633000
12 22 54.294000
12 23 2.839000
12 24 68.913000
12 25 4.105000
12 26 34.727000
12 27 82.293000
12 28 9.773000
12 29 87.807000
12 30 4.949000
12 31 71.971000
12 32 91.477000
12 33 10.158000
12 34 47.994000
12 35 43.684000
12 36 30.127000
12 37 67.414000
12 38 55.890000
12 39 33.892000
12 40 77.498000
12 41 44.979000
12 42 71.497000
12 43 74.162000
12 44 27.489000
12 45 7.914000
12 46 13.104000
12 47 52.382000
12 48 12.209000
12 49 9.473000
12 50 5.242000
12 51 47.208000
12 52 78.929000
12 53 66.473000
12 54 44.467000
12 55 43.196000
12 56 3.962000
12 57 25.512000
12 58 42.563000
12 59 66.548000
12 60 82.748000
13 1 50.960000
13 2 54.895000
13 3 8.241000
13 4 33.152000
13 5 23.288000
13 6 75.963000
13 7 49.292000
13 8 75.412000
13 9 89.776000
13 10 98.274000
13 11 67.788000
13 12 3.992000
13 14 88.840000
13 15 28.440000
13 16 42.196000
13 17 9.943000
13 18 26.311000
13 19 50.928000
13 20 88.793000
13 21 68.602000
13 22 4.258000
13 23 16.995000
13 24 43.127000
13 25 49.980000
13 26 32.786000
13 27 56.934000
13 28 9.423000
13 29 61.351000
13 30 1.305000
13 31 69.176000
13 32 24.460000
13 33 90.961000
13 34 84.580000
13 35 12.303000
13 36 1.809000
13 37 19.043000
13 38 45.812000
13 39 57.942000
13 40 89.369000
13 41 77.209000
13 42 1.670000
13 43 17.281000
13 44 85.103000
13 45 22.299000
13 46 97.632000
13 47 65.680000
13 48 22.199000
13 49 14.824000
13 50 44.432000
13 51 27.416000
13 52 13.870000
13 53 0.861000
13 54 60.304000
13 55 3.696000
13 56 74.676000
13 57 18.657000
13 58 79.458000
13 59 34.775000
13 60 83.037000
14 1 98.323000
14 2 79.935000
14 3 32.243000
14 4 43.195000
14 5 48.712000
14 6 66.866000
14 7 91.744000
14 8 47.870000
14 9 75.968000
14 10 43.029000
14 11 64.001000
14 12 13.945000
14 13 87.125000
14 15 99.523000
14 16 75.560000
14 17 23.117000
14 18 93.287000
14 19 60.675000
14 20 90.908000
14 21 57.417000
14 22 94.842000
14 23 14.562000
14 24 16.026000
14 25 39.118000
14 26 18.509000
14 27 29.417000
14 28 8.358000
14 29 72.411000
14 30 85.665000
14 31 95.363000
14 32 37.593000
14 33 25.709000
14 34 20.813000
14 35 74.567000
14 36 52.732000
14 37 3.420000
14 38 43.598000
14 39 66.444000
14 40 5.294000
14 41 36.250000
14 42 74.055000
14 43 69.459000
14 44 0.776000
14 45 2.225000
14 46 81.742000
14 47 27.632000
14 48 6.647000
14 49 0.940000
14 50 29.697000
14 51 30.685000
14 52 41.840000
14 53 96.638000
14 54 42.636000
14 55 52.026000
14 56 90.831000
14 57 58.407000
14 58 55.656000
14 59 58.033000
14 60 63.410000
15 1 10.724000
15 2 75.803000
15 3 11.244000
15 4 41.969000
15 5 16.118000
15 6 5.417000
15 7 10.366000
15 8 41.206000
15 9 66.179000
15 10 51.217000
15 11 17.567000
15 12 97.860000
15 13 68.952000
15 14 33.750000
15 16 51.454000
15 17 49.119000
15 18 58.225000
15 19 71.679000
15 20 26.128000
15 21 31.962000
15 22 94.334000
15 23 42.791000
15 24 93.401000
15 25 11.119000
15 26 38.409000
15 27 16.028000
15 28 66.734000
15 29 39.735000
15 30 15.273000
15 31 82.529000
15 32 69.378000
15 33 64.990000
15 34 55.885000
15 35 72.034000
15 36 49.712000
15 37 34.010000
15 38 21.484000
15 39 39.324000
15 40 27.645000
15 41 36.256000
15 42 90.244000
15 43 79.471000
15 44 57.502000
15 45 30.176000
15 46 15.569000
15 47 24.804000
15 48 23.164000
15 49 46.980000
15 50 86.782000
15 51 45.947000
15 52 49.818000
15 53 50.700000
15 54 60.276000
15 55 19.832000
15 56 7.106000
15 57 8.989000
15 58 9.282000
15 59 71.629000
15 60 56.289000
16 1 90.128000
16 2 11.547000
16 3 1.496000
16 4 55.375000
16 5 19.604000
16 6 73.649000
16 7 8.755000
16 8 35.134000
16 9 31.737000
16 10 99.907000
16 11 69.342000
16 12 60.212000
16 13 76.067000
16 14 3.939000
16 15 7.293000
16 17 18.661000
16 18 5.048000
16 19 9.399000
16 20 38.842000
16 21 40.716000
16 22 3.599000
16 23 32.919000
16 24 42.961000
16 25 74.654000
16 26 45.045000
16 27 63.733000
16 28 95.438000
16 29 62.323000
16 30 82.717000
16 31 61.417000
16 32 51.100000
16 33 19.130000
16 34 37.663000
16 35 61.423000
16 36 30.781000
16 37 64.153000
16 38 22.286000
16 39 13.630000
16 40 36.163000
16 41 85.825000
16 42 76.530000
16 43 81.799000
16 44 1.026000
16 45 45.349000
16 46 18.716000
16 47 31.081000
16 48 28.399000
16 49 59.939000
16 50 63.259000
16 51 13.910000
16 52 47.929000
16 53 46.934000
16 54 67.658000
16 55 10.035000
16 56 54.637000
16 57 3.460000
16 58 6.564000
16 59 79.668000
16 60 49.730000
17 1 1.406000
17 2 60.675000
17 3 72.454000
17 4 65.718000
17 5 74.502000
17 6 58.556000
17 7 27.732000
17 8 4.790000
17 9 87.869000
17 10 41.208000
17 11 41.690000
17 12 95.327000
17 13 41.277000
17 14 30.491000
17 15 10.122000
17 16 1.554000
17 18 93.597000
17 19 73.810000
17 20 66.489000
17 21 41.795000
17 22 7.230000
17 23 53.254000
17 24 10.436000
17 25 46.934000
17 26 64.538000
17 27 71.710000
17 28 51.734000
17 29 42.758000
17 30 71.425000
17 31 61.921000
17 32 42.043000
17 33 67.162000
17 34 66.746000
17 35 29.251000
17 36 17.734000
17 37 76.074000
17 38 25.792000
17 39 78.290000
17 40 10.600000
17 41 38.398000
17 42 75.200000
17 43 0.045000
17 44 52.154000
17 45 81.726000
17 46 32.265000
17 47 10.238000
17 48 35.054000
17 49 7.534000
17 50 40.238000
17 51 81.201000
17 52 87.918000
17 53 10.103000
17 54 84.904000
17 55 30.101000
17 56 79.809000
17 57 3.075000
17 58 21.572000
17 59 14.592000
17 60 72.125000
18 1 80.019000
18 2 36.109000
18 3 73.224000
18 4 78.807000
18 5 3.711000
18 6 31.871000
18 7 8.516000
18 8 84.298000
18 9 39.026000
18 10 36.455000
18 11 78.952000
18 12 26.508000
18 13 37.630000
18 14 72.214000
18 15 23.850000
18 16 56.138000
18 17 62.927000
18 19 16.092000
18 20 83.737000
18 21 99.630000
18 22 48.406000
18 23 70.643000
18 24 16.863000
18 25 87.234000
18 26 75.628000
18 27 10.886000
18 28 95.544000
18 29 60.142000
18 30 78.707000
18 31 90.923000
18 32 11.494000
18 33 62.749000
18 34 17.147000
18 35 39.408000
18 36 98.226000
18 37 80.135000
18 38 66.931000
18 39 52.014000
18 40 45.910000
18 41 52.892000
18 42 53.960000
18 43 92.145000
18 44 64.583000
18 45 99.996000
18 46 28.606000
18 47 92.699000
18 48 70.594000
18 49 37.728000
18 50 82.570000
18 51 13.458000
18 52 38.543000
18 53 19.554000
18 54 59.556000
18 55 36.334000
18 56 92.527000
18 57 10.957000
18 58 49.388000
18 59 87.694000
18 60 83.923000
19 1 80.623000
19 2 88.884000
19 3 94.140000
19 4 78.743000
19 5 40.516000
19 6 33.853000
19 7 36.510000
19 8 99.994000
19 9 66.838000
19 10 68.557000
19 11 36.932000
19 12 38.905000
19 13 55.452000
19 14 56.407000
19 15 6.026000
19 16 36.496000
19 17 25.373000
19 18 49.340000
19 20 18.820000
19 21 65.521000
19 22 13.890000
19 23 45.805000
19 24 59.400000
19 25 11.063000
19 26 21.764000
19 27 82.486000
19 28 51.627000
19 29 97.739000
19 30 88.542000
19 31 3.531000
19 32 64.560000
19 33 35.071000
19 34 67.897000
19 35 99.172000
19 36 9.945000
19 37 32.229000
19 38 67.731000
19 39 70.606000
19 40 4.855000
19 41 20.143000
19 42 17.106000
19 43 69.681000
19 44 64.213000
19 45 61.438000
19 46 76.197000
19 47 11.561000
19 48 43.150000
19 49 71.285000
19 50 87.793000
19 51 22.762000
19 52 19.215000
19 53 46.919000
19 54 96.912000
19 55 49.156000
19 56 66.080000
19 57 24.969000
19 58 29.330000
19 59 98.230000
19 60 20.819000
20 1 90.465000
20 2 28.090000
20 3 66.455000
20 4 37.078000
20 5 62.086000
20 6 44.638000
20 7 18.970000
20 8 76.776000
20 9 34.640000
20 10 90.449000
20 11 23.843000
20 12 46.375000
20 13 53.000000
20 14 32.552000
20 15 41.957000
20 16 31.225000
20 17 75.528000
20 18 43.565000
20 19 92.712000
20 21 5.815000
20 22 77.067000
20 23 23.590000
20 24 40.079000
20 25 83.380000
20 26 14.309000
20 27 25.129000
20 28 79.413000
20 29 2.788000
20 30 92.762000
20 31 95.853000
20 32 25.155000
20 33 55.107000
20 34 95.441000
20 35 68.350000
20 36 45.601000
20 37 5.915000
20 38 71.551000
20 39 18.665000
20 40 21.981000
20 41 45.630000
20 42 60.892000
20 43 5.723000
20 44 46.512000
20 45 82.955000
20 46 41.202000
20 47 17.117000
20 48 74.758000
20 49 61.475000
20 50 16.958000
20 51 49.844000
20 52 12.882000
20 53 35.214000
20 54 51.154000
20 55 99.688000
20 56 13.120000
20 57 80.316000
20 58 84.895000
20 59 37.051000
20 60 2.383000
21 1 39.015000
21 2 75.461000
21 3 30.263000
21 4 6.481000
21 5 9.430000
21 6 85.828000
21 7 77.012000
21 8 54.436000
21 9 38.456000
21 10 42.267000
21 11 67.150000
21 12 46.641000
21 13 69.484000
21 14 11.892000
21 15 73.556000
21 16 15.785000
21 17 32.398000
21 18 32.107000
21 19 84.630000
21 20 53.126000
21 22 64.589000
21 23 82.973000
21 24 70.102000
21 25 59.965000
21 26 47.790000
21 27 55.066000
21 28 14.287000
21 29 71.689000
21 30 17.604000
21 31 28.578000
21 32 59.774000
21 33 95.635000
21 34 60.403000
21 35 6.431000
21 36 41.531000
21 37 29.778000
21 38 3.962000
21 39 26.568000
21 40 43.247000
21 41 41.962000
21 42 81.193000
21 43 47.430000
21 44 8.449000
21 45 44.699000
21 46 66.108000
21 47 96.122000
21 48 95.555000
21 49 53.907000
21 50 15.127000
21 51 22.991000
21 52 73.621000
21 53 48.747000
21 54 3.059000
21 55 35.722000
21 56 67.495000
21 57 72.496000
21 58 37.366000
21 59 67.982000
21 60 89.351000
22 1 67.672000
22 2 0.609000
22 3 81.625000
22 4 83.361000
22 5 64.679000
22 6 82.010000
22 7 37.417000
22 8 81.959000
22 9 53.869000
22 10 28.557000
22 11 23.059000
22 12 23.276000
22 13 92.946000
22 14 33.443000
22 15 42.335000
22 16 92.734000
22 17 23.819000
22 18 68.771000
22 19 45.088000
22 20 61.822000
22 21 71.708000
22 23 89.322000
22 24 22.719000
22 25 37.142000
22 26 65.106000
22 27 31.500000
22 28 53.119000
22 29 58.544000
22 30 26.926000
22 31 6.479000
22 32 68.278000
22 33 23.770000
22 34 12.806000
22 35 19.725000
22 36 40.178000
22 37 3.563000
22 38 48.346000
22 39 54.377000
22 40 73.421000
22 41 82.868000
22 42 2.533000
22 43 77.880000
22 44 60.533000
22 45 68.456000
22 46 33.813000
22 47 51.464000
22 48 74.348000
22 49 73.290000
22 50 24.221000
22 51 95.202000
22 52 94.746000
22 53 62.600000
22 54 9.060000
22 55 21.718000
22 56 68.810000
22 57 17.508000
22 58 85.249000
22 59 80.786000
22 60 64.637000
23 1 13.776000
23 2 17.576000
23 3 30.631000
23 4 88.897000
23 5 85.097000
23 6 24.185000
23 7 76.813000
23 8 17.365000
23 9 41.899000
23 10 14.840000
23 11 65.225000
23 12 64.607000
23 13 18.522000
23 14 36.265000
23 15 54.666000
23 16 68.409000
23 17 84.564000
23 18 80.733000
23 19 93.139000
23 20 96.829000
23 21 23.593000
23 22 73.695000
23 24 22.294000
23 25 59.131000
23 26 78.310000
23 27 17.631000
23 28 28.941000
23 29 74.984000
23 30 33.127000
23 31 50.468000
23 32 24.249000
23 33 5.359000
23 34 82.315000
23 35 87.347000
23 36 98.953000
23 37 90.615000
23 38 69.515000
23 39 40.613000
23 40 85.258000
23 41 41.834000
23 42 78.747000
23 43 20.965000
23 44 73.177000
23 45 45.851000
23 46 62.078000
23 47 93.477000
23 48 6.606000
23 49 53.607000
23 50 64.782000
23 51 46.180000
23 52 8.218000
23 53 7.521000
23 54 25.730000
23 55 50.889000
23 56 15.260000
23 57 63.872000
23 58 83.371000
23 59 43.723000
23 60 74.945000
24 1 19.704000
24 2 23.655000
24 3 3.795000
24 4 77.971000
24 5 46.550000
24 6 50.970000
24 7 41.484000
24 8 98.565000
24 9 55.271000
24 10 87.932000
24 11 59.816000
24 12 39.365000
24 13 24.413000
24 14 2.341000
24 15 15.462000
24 16 19.557000
24 17 87.925000
24 18 37.424000
24 19 51.605000
24 20 53.080000
24 21 81.099000
24 22 17.455000
24 23 90.861000
24 25 57.203000
24 26 8.959000
24 27 66.653000
24 28 49.760000
24 29 93.969000
24 30 41.020000
24 31 45.286000
24 32 60.673000
24 33 57.352000
24 34 6.525000
24 35 93.097000
24 36 3.215000
24 37 20.784000
24 38 99.250000
24 39 56.178000
24 40 84.625000
24 41 48.845000
24 42 50.217000
24 43 23.526000
24 44 87.166000
24 45 84.889000
24 46 78.352000
24 47 0.438000
24 48 75.244000
24 49 5.134000
24 50 95.212000
24 51 56.841000
24 52 56.945000
24 53 59.827000
24 54 55.715000
24 55 2.473000
24 56 4.817000
24 57 36.844000
24 58 41.321000
24 59 25.405000
24 60 8.713000
25 1 54.314000
25 2 42.731000
25 3 23.217000
25 4 52.058000
25 5 74.077000
25 6 86.477000
25 7 91.969000
25 8 46.290000
25 9 75.644000
25 10 46.729000
25 11 33.517000
25 12 37.146000
25 13 94.501000
25 14 31.366000
25 15 57.077000
25 16 61.843000
25 17 24.347000
25 18 34.275000
25 19 99.009000
25 20 75.437000
25 21 7.041000
25 22 53.589000
25 23 69.868000
25 24 66.788000
25 26 78.090000
25 27 73.376000
25 28 53.081000
25 29 50.455000
25 30 94.548000
25 31 10.788000
25 32 11.724000
25 33 64.121000
25 34 84.083000
25 35 15.072000
25 36 84.675000
25 37 74.652000
25 38 98.161000
25 39 62.461000
25 40 89.127000
25 41 46.032000
25 42 74.924000
25 43 5.070000
25 44 42.634000
25 45 4.702000
25 46 78.692000
25 47 54.145000
25 48 36.703000
25 49 80.570000
25 50 8.340000
25 51 27.426000
25 52 52.908000
25 53 48.004000
25 54 53.769000
25 55 20.621000
25 56 59.637000
25 57 18.269000
25 58 81.799000
25 59 45.871000
25 60 64.415000
26 1 84.556000
26 2 32.374000
26 3 7.841000
26 4 56.251000
26 5 21.158000
26 6 90.525000
26 7 22.841000
26 8 19.296000
26 9 6.684000
26 10 49.718000
26 11 72.794000
26 12 3.289000
26 13 88.005000
26 14 26.386000
26 15 80.105000
26 16 83.130000
26 17 40.334000
26 18 8.754000
26 19 16.876000
26 20 4.530000
26 21 32.169000
26 22 15.149000
26 23 51.723000
26 24 15.790000
26 25 16.651000
26 27 96.007000
26 28 32.395000
26 29 44.773000
26 30 20.013000
26 31 9.179000
26 32 11.942000
26 33 1.662000
26 34 91.784000
26 35 26.443000
26 36 16.458000
26 37 46.826000
26 38 89.854000
26 39 53.557000
26 40 50.112000
26 41 61.923000
26 42 94.982000
26 43 69.498000
26 44 86.585000
26 45 64.151000
26 46 59.161000
26 47 53.898000
26 48 50.623000
26 49 48.956000
26 50 26.868000
26 51 75.738000
26 52 55.849000
26 53 81.935000
26 54 55.319000
26 55 83.999000
26 56 6.260000
26 57 21.690000
26 58 63.560000
26 59 69.828000
26 60 1.736000
27 1 60.300000
27 2 3.804000
27 3 68.396000
27 4 69.322000
27 5 54.419000
27 6 18.114000
27 7 39.046000
27 8 21.160000
27 9 41.860000
27 10 96.780000
27 11 56.443000
27 12 17.152000
27 13 26.120000
27 14 5.884000
27 15 90.168000
27 16 63.806000
27 17 6.325000
27 18 71.266000
27 19 34.983000
27 20 67.490000
27 21 86.368000
27 22 8.090000
27 23 49.593000
27 24 26.151000
27 25 27.490000
27 26 10.603000
27 28 8.668000
27 29 54.159000
27 30 57.074000
27 31 60.628000
27 32 19.376000
27 33 13.230000
27 34 48.490000
27 35 5.345000
27 36 56.830000
27 37 56.199000
27 38 19.125000
27 39 4.462000
27 40 25.461000
27 41 32.466000
27 42 95.605000
27 43 17.847000
27 44 17.381000
27 45 91.049000
27 46 92.633000
27 47 10.532000
27 48 99.699000
27 49 89.900000
27 50 60.511000
27 51 3.694000
27 52 11.500000
27 53 30.228000
27 54 74.388000
27 55 49.255000
27 56 12.727000
27 57 83.304000
27 58 44.177000
27 59 98.254000
27 60 97.811000
28 1 42.319000
28 2 9.479000
28 3 59.012000
28 4 57.901000
28 5 39.317000
28 6 98.343000
28 7 54.676000
28 8 98.167000
28 9 32.057000
28 10 19.590000
28 11 10.410000
28 12 50.552000
28 13 59.811000
28 14 7.739000
28 15 64.530000
28 16 24.051000
28 17 87.287000
28 18 15.698000
28 19 9.575000
28 20 99.413000
28 21 74.719000
28 22 89.620000
28 23 59.152000
28 24 79.194000
28 25 42.722000
28 26 49.358000
28 27 72.687000
28 29 86.008000
28 30 54.863000
28 31 5.586000
28 32 48.302000
28 33 51.230000
28 34 13.583000
28 35 38.697000
28 36 49.296000
28 37 74.278000
28 38 82.341000
28 39 85.251000
28 40 19.787000
28 41 82.837000
28 42 75.493000
28 43 79.431000
28 44 62.240000
28 45 30.942000
28 46 7.619000
28 47 17.038000
28 48 11.539000
28 49 16.335000
28 50 40.362000
28 51 26.016000
28 52 48.676000
28 53 47.334000
28 54 8.819000
28 55 9.642000
28 56 27.775000
28 57 0.038000
28 58 71.474000
28 59 33.836000
28 60 77.304000
29 1 10.618000
29 2 18.399000
29 3 3.463000
29 4 42.282000
29 5 22.984000
29 6 71.808000
29 7 55.134000
29 8 80.237000
29 9 43.300000
29 10 35.933000
29 11 90.828000
29 12 91.789000
29 13 83.128000
29 14 23.606000
29 15 56.446000
29 16 29.328000
29 17 60.569000
29 18 8.639000
29 19 62.788000
29 20 25.277000
29 21 84.153000
29 22 82.013000
29 23 47.354000
29 24 41.923000
29 25 2.855000
29 26 6.246000
29 27 1.049000
29 28 46.381000
29 30 46.916000
29 31 35.590000
29 32 66.779000
29 33 73.557000
29 34 48.957000
29 35 87.062000
29 36 56.978000
29 37 54.119000
29 38 58.052000
29 39 79.707000
29 40 96.162000
29 41 85.167000
29 42 87.940000
29 43 11.668000
29 44 83.615000
29 45 70.136000
29 46 30.530000
29 47 0.370000
29 48 41.150000
29 49 91.712000
29 50 41.088000
29 51 45.260000
29 52 94.791000
29 53 88.211000
29 54 27.043000
29 55 48.269000
29 56 29.248000
29 57 61.287000
29 58 46.835000
29 59 82.685000
29 60 44.010000
30 1 85.021000
30 2 44.489000
30 3 91.460000
30 4 90.629000
30 5 12.265000
30 6 92.270000
30 7 4.984000
30 8 13.881000
30 9 46.591000
30 10 44.502000
30 11 56.879000
30 12 28.803000
30 13 70.525000
30 14 62.689000
30 15 47.522000
30 16 68.359000
30 17 26.943000
30 18 14.093000
30 19 8.655000
30 20 31.376000
30 21 77.961000
30 22 36.694000
30 23 60.880000
30 24 57.367000
30 25 3.336000
30 26 17.588000
30 27 35.918000
30 28 14.097000
30 29 69.760000
30 31 80.661000
30 32 95.864000
30 33 68.759000
30 34 98.828000
30 35 56.536000
30 36 5.978000
30 37 86.075000
30 38 49.691000
30 39 91.901000
30 40 97.582000
30 41 17.953000
30 42 30.029000
30 43 69.471000
30 44 60.877000
30 45 22.525000
30 46 60.932000
30 47 6.670000
30 48 27.659000
30 49 96.268000
30 50 98.661000
30 51 64.050000
30 52 72.691000
30 53 89.063000
30 54 46.071000
30 55 7.268000
30 56 87.103000
30 57 6.902000
30 58 62.578000
30 59 47.907000
30 60 57.715000
31 1 1.327000
31 2 75.295000
31 3 16.233000
31 4 54.742000
31 5 34.842000
31 6 44.462000
31 7 17.812000
31 8 6.431000
31 9 40.959000
31 10 84.613000
31 11 61.034000
31 12 77.274000
31 13 70.266000
31 14 56.364000
31 15 58.057000
31 16 78.394000
31 17 50.109000
31 18 56.333000
31 19 43.685000
31 20 48.233000
31 21 49.664000
31 22 48.873000
31 23 31.371000
31 24 0.050000
31 25 79.878000
31 26 75.726000
31 27 9.872000
31 28 37.001000
31 29 99.978000
31 30 15.799000
31 32 70.280000
31 33 81.496000
31 34 4.463000
31 35 21.224000
31 36 86.206000
31 37 33.508000
31 38 63.089000
31 39 54.309000
31 40 35.568000
31 41 76.871000
31 42 36.163000
31 43 55.836000
31 44 14.055000
31 45 70.859000
31 46 38.808000
31 47 82.161000
31 48 40.858000
31 49 90.560000
31 50 2.344000
31 51 28.083000
31 52 44.106000
31 53 12.389000
31 54 19.947000
31 55 51.547000
31 56 91.488000
31 57 61.340000
31 58 27.573000
31 59 66.173000
31 60 61.785000
32 1 19.536000
32 2 2.298000
32 3 49.037000
32 4 55.822000
32 5 85.345000
32 6 36.470000
32 7 46.389000
32 8 81.077000
32 9 29.660000
32 10 44.574000
32 11 68.096000
32 12 96.414000
32 13 12.390000
32 14 11.343000
32 15 81.809000
32 16 0.750000
32 17 34.615000
32 18 54.786000
32 19 6.637000
32 20 44.367000
32 21 56.974000
32 22 89.650000
32 23 71.608000
32 24 59.460000
32 25 10.579000
32 26 91.168000
32 27 4.862000
32 28 12.685000
32 29 85.390000
32 30 60.519000
32 31 89.641000
32 33 49.919000
32 34 65.331000
32 35 59.748000
32 36 34.982000
32 37 68.843000
32 38 2.795000
32 39 99.919000
32 40 97.896000
32 41 24.519000
32 42 32.141000
32 43 56.028000
32 44 79.797000
32 45 84.082000
32 46 32.094000
32 47 70.677000
32 48 42.472000
32 49 53.398000
32 50 54.955000
32 51 13.768000
32 52 57.847000
32 53 71.226000
32 54 26.446000
32 55 99.762000
32 56 26.412000
32 57 70.393000
32 58 62.095000
32 59 91.582000
32 60 59.271000
33 1 8.509000
33 2 0.831000
33 3 65.627000
33 4 47.044000
33 5 39.412000
33 6 16.883000
33 7 62.381000
33 8 75.210000
33 9 30.719000
33 10 65.602000
33 11 84.346000
33 12 52.574000
33 13 1.456000
33 14 15.910000
33 15 38.957000
33 16 84.598000
33 17 85.272000
33 18 55.373000
33 19 74.820000
33 20 1.222000
33 21 46.875000
33 22 1.311000
33 23 39.594000
33 24 6.820000
33 25 92.547000
33 26 4.845000
33 27 68.123000
33 28 65.246000
33 29 48.526000
33 30 85.980000
33 31 16.670000
33 32 81.346000
33 34 70.090000
33 35 12.084000
33 36 10.720000
33 37 5.643000
33 38 88.944000
33 39 82.548000
33 40 55.812000
33 41 69.035000
33 42 73.164000
33 43 80.798000
33 44 28.947000
33 45 49.498000
33 46 79.605000
33 47 62.188000
33 48 91.731000
33 49 59.950000
33 50 83.171000
33 51 50.701000
33 52 35.841000
33 53 1.996000
33 54 99.723000
33 55 35.145000
33 56 77.271000
33 57 58.176000
33 58 47.380000
33 59 68.748000
33 60 41.989000
34 1 23.643000
34 2 65.954000
34 3 86.996000
34 4 72.024000
34 5 87.723000
34 6 84.816000
34 7 79.234000
34 8 62.224000
34 9 7.755000
34 10 80.226000
34 11 21.401000
34 12 1.217000
34 13 62.430000
34 14 68.066000
34 15 40.683000
34 16 80.363000
34 17 52.718000
34 18 41.864000
34 19 26.527000
34 20 11.374000
34 21 64.405000
34 22 13.496000
34 23 14.652000
34 24 30.768000
34 25 88.392000
34 26 27.976000
34 27 42.542000
34 28 7.420000
34 29 42.492000
34 30 10.536000
34 31 63.128000
34 32 36.081000
34 33 2.202000
34 35 73.129000
34 36 13.586000
34 37 92.755000
34 38 32.126000
34 39 53.220000
34 40 60.946000
34 41 2.241000
34 42 79.637000
34 43 24.783000
34 44 54.964000
34 45 3.895000
34 46 90.121000
34 47 21.164000
34 48 76.564000
34 49 60.781000
34 50 74.647000
34 51 87.257000
34 52 49.144000
34 53 15.965000
34 54 30.014000
34 55 76.077000
34 56 63.897000
34 57 50.329000
34 58 57.386000
34 59 12.564000
34 60 45.038000
35 1 52.935000
35 2 36.045000
35 3 44.149000
35 4 78.853000
35 5 74.159000
35 6 52.715000
35 7 20.646000
35 8 71.966000
35 9 28.683000
35 10 81.711000
35 11 26.836000
35 12 16.950000
35 13 81.145000
35 14 21.284000
35 15 62.013000
35 16 65.864000
35 17 48.274000
35 18 94.174000
35 19 34.899000
35 20 81.774000
35 21 60.108000
35 22 83.115000
35 23 8.313000
35 24 25.385000
35 25 98.005000
35 26 92.377000
35 27 37.478000
35 28 7.157000
35 29 79.331000
35 30 6.617000
35 31 64.592000
35 32 2.765000
35 33 62.980000
35 34 82.927000
35 36 85.906000
35 37 62.055000
35 38 55.490000
35 39 18.319000
35 40 43.737000
35 41 52.442000
35 42 72.474000
35 43 59.733000
35 44 55.216000
35 45 83.105000
35 46 21.857000
35 47 67.020000
35 48 98.622000
35 49 20.790000
35 50 14.741000
35 51 34.512000
35 52 16.896000
35 53 28.454000
35 54 62.517000
35 55 25.435000
35 56 21.354000
35 57 85.702000
35 58 17.593000
35 59 58.520000
35 60 25.342000
36 1 10.572000
36 2 97.795000
36 3 53.822000
36 4 12.068000
36 5 69.193000
36 6 81.346000
36 7 22.965000
36 8 5.681000
36 9 41.200000
36 10 32.094000
36 11 2.790000
36 12 36.926000
36 13 17.545000
36 14 72.510000
36 15 25.852000
36 16 26.251000
36 17 20.152000
36 18 99.383000
36 19 34.226000
36 20 79.153000
36 21 60.961000
36 22 73.808000
36 23 27.044000
36 24 13.211000
36 25 91.739000
36 26 86.964000
36 27 69.130000
36 28 28.153000
36 29 51.915000
36 30 25.937000
36 31 62.157000
36 32 98.085000
36 33 60.107000
36 34 84.575000
36 35 9.243000
36 37 74.634000
36 38 85.643000
36 39 9.788000
36 40 56.402000
36 41 63.170000
36 42 23.424000
36 43 97.172000
36 44 19.693000
36 45 7.333000
36 46 92.238000
36 47 68.195000
36 48 54.053000
36 49 89.950000
36 50 35.127000
36 51 32.110000
36 52 39.007000
36 53 68.390000
36 54 62.347000
36 55 27.029000
36 56 65.729000
36 57 86.041000
36 58 28.072000
36 59 11.549000
36 60 4.746000
37 1 90.856000
37 2 93.540000
37 3 29.255000
37 4 26.552000
37 5 47.632000
37 6 65.386000
37 7 64.536000
37 8 74.121000
37 9 54.114000
37 10 38.608000
37 11 93.419000
37 12 37.866000
37 13 77.092000
37 14 72.552000
37 15 53.458000
37 16 44.247000
37 17 42.166000
37 18 57.985000
37 19 4.400000
37 20 64.172000
37 21 27.315000
37 22 68.091000
37 23 37.341000
37 24 92.323000
37 25 37.693000
37 26 24.887000
37 27 83.177000
37 28 81.168000
37 29 98.685000
37 30 67.615000
37 31 66.951000
37 32 32.570000
37 33 31.216000
37 34 87.537000
37 35 37.974000
37 36 48.949000
37 38 45.538000
37 39 51.634000
37 40 81.265000
37 41 82.360000
37 42 4.696000
37 43 20.694000
37 44 60.823000
37 45 46.434000
37 46 1.145000
37 47 51.590000
37 48 91.787000
37 49 82.110000
37 50 60.263000
37 51 75.245000
37 52 9.005000
37 53 27.038000
37 54 99.798000
37 55 74.805000
37 56 4.653000
37 57 94.172000
37 58 66.156000
37 59 7.216000
37 60 67.881000
38 1 83.430000
38 2 54.175000
38 3 6.738000
38 4 58.662000
38 5 42.216000
38 6 25.029000
38 7 18.271000
38 8 41.442000
38 9 34.726000
38 10 60.820000
38 11 91.359000
38 12 36.313000
38 13 13.655000
38 14 55.947000
38 15 40.499000
38 16 43.496000
38 17 11.353000
38 18 19.260000
38 19 41.699000
38 20 70.554000
38 21 91.535000
38 22 41.899000
38 23 4.083000
38 24 29.005000
38 25 82.899000
38 26 78.461000
38 27 2.202000
38 28 60.292000
38 29 80.255000
38 30 43.361000
38 31 20.454000
38 32 36.869000
38 33 18.228000
38 34 97.626000
38 35 98.373000
38 36 94.691000
38 37 85.779000
38 39 98.950000
38 40 84.277000
38 41 24.579000
38 42 66.916000
38 43 37.816000
38 44 37.713000
38 45 1.430000
38 46 76.336000
38 47 68.506000
38 48 12.838000
38 49 32.633000
38 50 46.234000
38 51 2.727000
38 52 95.300000
38 53 35.822000
38 54 18.087000
38 55 78.483000
38 56 33.949000
38 57 39.167000
38 58 92.724000
38 59 65.802000
38 60 15.615000
39 1 63.261000
39 2 17.835000
39 3 45.096000
39 4 76.064000
39 5 28.719000
39 6 61.080000
39 7 68.158000
39 8 85.790000
39 9 53.351000
39 10 0.910000
39 11 41.479000
39 12 30.523000
39 13 5.466000
39 14 85.079000
39 15 16.965000
39 16 75.724000
39 17 94.837000
39 18 9.317000
39 19 82.931000
39 20 89.279000
39 21 10.229000
39 22 73.235000
39 23 9.680000
39 24 14.332000
39 25 2.957000
39 26 72.270000
39 27 51.513000
39 28 13.069000
39 29 58.854000
39 30 67.570000
39 31 20.841000
39 32 30.519000
39 33 88.199000
39 34 31.180000
39 35 14.191000
39 36 22.010000
39 37 52.258000
39 38 90.981000
39 40 69.413000
39 41 51.445000
39 42 15.806000
39 43 65.354000
39 44 90.470000
39 45 68.153000
39 46 78.782000
39 47 91.523000
39 48 60.790000
39 49 22.213000
39 50 39.255000
39 51 94.631000
39 52 76.774000
39 53 87.208000
39 54 14.798000
39 55 6.608000
39 56 45.435000
39 57 77.062000
39 58 13.333000
39 59 61.416000
39 60 67.071000
40 1 67.776000
40 2 80.661000
40 3 1.014000
40 4 42.319000
40 5 73.811000
40 6 91.123000
40 7 49.194000
40 8 39.195000
40 9 40.792000
40 10 51.740000
40 11 49.700000
40 12 72.708000
40 13 8.582000
40 14 77.244000
40 15 36.661000
40 16 27.978000
40 17 93.855000
40 18 31.722000
40 19 78.405000
40 20 28.287000
40 21 2.615000
40 22 57.367000
40 23 74.435000
40 24 24.992000
40 25 77.949000
40 26 83.945000
40 27 27.921000
40 28 8.590000
40 29 6.300000
40 30 91.548000
40 31 47.436000
40 32 7.913000
40 33 38.304000
40 34 61.807000
40 35 71.791000
40 36 17.339000
40 37 34.259000
40 38 48.732000
40 39 47.068000
40 41 55.248000
40 42 13.934000
40 43 8.314000
40 44 97.245000
40 45 14.826000
40 46 80.664000
40 47 66.283000
40 48 72.952000
40 49 36.582000
40 50 76.187000
40 51 69.124000
40 52 95.819000
40 53 33.483000
40 54 34.789000
40 55 13.751000
40 56 7.430000
40 57 50.057000
40 58 42.139000
40 59 26.060000
40 60 13.660000
41 1 26.152000
41 2 61.560000
41 3 31.777000
41 4 41.704000
41 5 85.871000
41 6 15.385000
41 7 22.553000
41 8 75.952000
41 9 74.225000
41 10 29.189000
41 11 98.544000
41 12 7.225000
41 13 70.241000
41 14 89.769000
41 15 67.039000
41 16 67.894000
41 17 38.675000
41 18 46.219000
41 19 93.026000
41 20 22.315000
41 21 68.322000
41 22 7.327000
41 23 80.205000
41 24 22.146000
41 25 62.554000
41 26 97.634000
41 27 62.362000
41 28 20.262000
41 29 37.767000
41 30 7.728000
41 31 50.251000
41 32 92.584000
41 33 59.989000
41 34 83.836000
41 35 21.685000
41 36 22.426000
41 37 2.878000
41 38 35.537000
41 39 27.837000
41 40 83.187000
41 42 56.169000
41 43 4.800000
41 44 60.294000
41 45 86.463000
41 46 83.699000
41 47 11.968000
41 48 11.239000
41 49 87.302000
41 50 51.360000
41 51 35.981000
41 52 75.516000
41 53 60.046000
41 54 84.185000
41 55 53.515000
41 56 15.940000
41 57 76.932000
41 58 4.673000
41 59 76.218000
41 60 89.613000
42 1 41.834000
42 2 4.939000
42 3 94.346000
42 4 47.068000
42 5 68.001000
42 6 75.785000
42 7 50.858000
42 8 50.595000
42 9 57.329000
42 10 44.085000
42 11 82.911000
42 12 26.513000
42 13 43.809000
42 14 92.894000
42 15 26.758000
42 16 31.177000
42 17 48.957000
42 18 16.565000
42 19 23.490000
42 20 92.186000
42 21 43.298000
42 22 47.765000
42 23 39.077000
42 24 21.662000
42 25 23.591000
42 26 19.502000
42 27 12.857000
42 28 73.870000
42 29 59.316000
42 30 24.882000
42 31 75.238000
42 32 53.673000
42 33 26.953000
42 34 44.912000
42 35 49.781000
42 36 33.950000
42 37 41.362000
42 38 18.451000
42 39 67.607000
42 40 37.541000
42 41 36.199000
42 43 29.311000
42 44 41.598000
42 45 47.491000
42 46 88.104000
42 47 33.107000
42 48 5.801000
42 49 39.196000
42 50 34.496000
42 51 20.025000
42 52 28.997000
42 53 2.156000
42 54 89.833000
42 55 65.149000
42 56 10.035000
42 57 40.186000
42 58 90.031000
42 59 41.830000
42 60 65.794000
43 1 36.313000
43 2 1.239000
43 3 47.082000
43 4 97.114000
43 5 6.237000
43 6 38.285000
43 7 53.003000
43 8 80.618000
43 9 45.019000
43 10 77.318000
43 11 25.305000
43 12 14.636000
43 13 44.833000
43 14 12.114000
43 15 16.759000
43 16 35.610000
43 17 12.639000
43 18 82.824000
43 19 75.280000
43 20 1.593000
43 21 13.641000
43 22 43.488000
43 23 70.717000
43 24 38.722000
43 25 92.208000
43 26 15.430000
43 27 34.545000
43 28 67.734000
43 29 39.540000
43 30 81.062000
43 31 89.093000
43 32 16.774000
43 33 38.772000
43 34 82.258000
43 35 77.068000
43 36 57.603000
43 37 46.195000
43 38 20.937000
43 39 9.406000
43 40 74.696000
43 41 7.404000
43 42 64.901000
43 44 16.742000
43 45 53.677000
43 46 7.284000
43 47 96.087000
43 48 25.941000
43 49 33.546000
43 50 82.049000
43 51 29.075000
43 52 54.979000
43 53 97.607000
43 54 40.963000
43 55 22.852000
43 56 90.464000
43 57 17.872000
43 58 95.133000
43 59 27.507000
43 60 5.097000
44 1 12.225000
44 2 11.624000
44 3 92.445000
44 4 6.407000
44 5 2.937000
44 6 28.907000
44 7 26.677000
44 8 95.086000
44 9 97.153000
44 10 60.304000
44 11 37.074000
44 12 32.025000
44 13 11.581000
44 14 67.375000
44 15 17.651000
44 16 53.457000
44 17 85.999000
44 18 42.093000
44 19 65.398000
44 20 19.602000
44 21 16.568000
44 22 23.754000
44 23 25.285000
44 24 51.892000
44 25 74.485000
44 26 29.534000
44 27 44.074000
44 28 2.623000
44 29 74.359000
44 30 5.139000
44 31 36.600000
44 32 41.653000
44 33 72.563000
44 34 25.593000
44 35 87.584000
44 36 96.599000
44 37 82.433000
44 38 20.806000
44 39 20.472000
44 40 17.711000
44 41 4.965000
44 42 96.567000
44 43 14.444000
44 45 99.766000
44 46 11.067000
44 47 37.869000
44 48 15.072000
44 49 15.721000
44 50 5.630000
44 51 58.488000
44 52 73.611000
44 53 21.126000
44 54 15.683000
44 55 92.186000
44 56 87.351000
44 57 3.014000
44 58 39.447000
44 59 75.107000
44 60 65.096000
45 1 27.943000
45 2 34.498000
45 3 52.416000
45 4 76.108000
45 5 30.280000
45 6 55.196000
45 7 43.220000
45 8 44.757000
45 9 42.250000
45 10 18.635000
45 11 40.709000
45 12 57.564000
45 13 18.735000
45 14 88.598000
45 15 33.174000
45 16 64.366000
45 17 84.013000
45 18 89.777000
45 19 48.657000
45 20 43.777000
45 21 81.437000
45 22 48.587000
45 23 50.308000
45 24 95.104000
45 25 47.461000
45 26 92.968000
45 27 69.530000
45 28 53.739000
45 29 16.369000
45 30 23.622000
45 31 40.476000
45 32 95.349000
45 33 28.164000
45 34 15.176000
45 35 83.083000
45 36 47.497000
45 37 85.420000
45 38 0.388000
45 39 59.727000
45 40 11.678000
45 41 36.810000
45 42 60.995000
45 43 59.214000
45 44 31.361000
45 46 82.647000
45 47 81.521000
45 48 12.384000
45 49 48.594000
45 50 85.220000
45 51 46.153000
45 52 93.448000
45 53 64.353000
45 54 74.697000
45 55 35.203000
45 56 62.864000
45 57 65.695000
45 58 59.194000
45 59 50.174000
45 60 61.746000
46 1 51.939000
46 2 48.233000
46 3 44.683000
46 4 87.936000
46 5 11.077000
46 6 56.564000
46 7 49.874000
46 8 45.062000
46 9 62.068000
46 10 73.667000
46 11 87.529000
46 12 43.204000
46 13 30.551000
46 14 65.732000
46 15 97.695000
46 16 43.297000
46 17 74.982000
46 18 87.059000
46 19 56.744000
46 20 37.974000
46 21 64.251000
46 22 20.190000
46 23 52.857000
46 24 78.990000
46 25 40.239000
46 26 69.535000
46 27 76.553000
46 28 5.054000
46 29 53.390000
46 30 79.887000
46 31 22.660000
46 32 66.890000
46 33 60.566000
46 34 69.580000
46 35 89.620000
46 36 96.944000
46 37 17.936000
46 38 46.483000
46 39 85.505000
46 40 45.466000
46 41 11.668000
46 42 87.644000
46 43 41.948000
46 44 94.335000
46 45 73.891000
46 47 0.376000
46 48 80.390000
46 49 60.931000
46 50 9.075000
46 51 18.986000
46 52 48.276000
46 53 92.283000
46 54 87.674000
46 55 42.607000
46 56 29.399000
46 57 34.261000
46 58 61.421000
46 59 77.060000
46 60 43.560000
47 1 15.673000
47 2 89.699000
47 3 89.200000
47 4 48.669000
47 5 33.285000
47 6 45.724000
47 7 16.508000
47 8 57.535000
47 9 21.213000
47 10 39.561000
47 11 11.181000
47 12 15.113000
47 13 94.726000
47 14 28.500000
47 15 71.598000
47 16 0.980000
47 17 92.770000
47 18 49.563000
47 19 45.706000
47 20 81.395000
47 21 96.518000
47 22 0.444000
47 23 90.922000
47 24 20.179000
47 25 76.995000
47 26 86.477000
47 27 67.689000
47 28 2.975000
47 29 76.283000
47 30 71.175000
47 31 60.853000
47 32 4.603000
47 33 27.568000
47 34 97.666000
47 35 69.317000
47 36 94.602000
47 37 43.318000
47 38 92.611000
47 39 88.611000
47 40 71.813000
47 41 9.882000
47 42 71.949000
47 43 71.067000
47 44 36.666000
47 45 47.085000
47 46 81.408000
47 48 6.128000
47 49 61.360000
47 50 3.202000
47 51 76.756000
47 52 85.986000
47 53 38.329000
47 54 21.826000
47 55 27.270000
47 56 24.128000
47 57 52.173000
47 58 67.849000
47 59 87.557000
47 60 12.093000
48 1 53.212000
48 2 47.255000
48 3 5.509000
48 4 0.744000
48 5 91.832000
48 6 78.411000
48 7 79.586000
48 8 60.661000
48 9 97.687000
48 10 91.046000
48 11 76.814000
48 12 18.725000
48 13 96.451000
48 14 21.835000
48 15 74.680000
48 16 40.612000
48 17 27.796000
48 18 70.630000
48 19 44.314000
48 20 3.579000
48 21 82.432000
48 22 4.061000
48 23 41.574000
48 24 99.470000
48 25 81.791000
48 26 1.248000
48 27 24.123000
48 28 22.620000
48 29 64.609000
48 30 3.288000
48 31 42.156000
48 32 40.876000
48 33 35.572000
48 34 56.618000
48 35 96.279000
48 36 40.836000
48 37 31.874000
48 38 86.628000
48 39 48.484000
48 40 7.973000
48 41 52.921000
48 42 77.133000
48 43 83.284000
48 44 35.775000
48 45 10.775000
48 46 72.145000
48 47 35.111000
48 49 83.930000
48 50 22.693000
48 51 49.259000
48 52 99.097000
48 53 84.004000
48 54 62.975000
48 55 26.798000
48 56 46.247000
48 57 1.049000
48 58 66.189000
48 59 56.428000
48 60 32.013000
49 1 20.815000
49 2 49.328000
49 3 9.634000
49 4 44.158000
49 5 29.999000
49 6 55.214000
49 7 45.925000
49 8 77.308000
49 9 21.619000
49 10 22.432000
49 11 90.475000
49 12 90.426000
49 13 90.804000
49 14 50.870000
49 15 50.475000
49 16 81.200000
49 17 32.293000
49 18 34.516000
49 19 24.583000
49 20 18.655000
49 21 74.583000
49 22 36.126000
49 23 96.021000
49 24 25.302000
49 25 98.931000
49 26 93.964000
49 27 6.437000
49 28 91.237000
49 29 39.104000
49 30 39.060000
49 31 45.654000
49 32 37.588000
49 33 88.826000
49 34 6.761000
49 35 4.227000
49 36 24.124000
49 37 30.401000
49 38 48.909000
49 39 79.802000
49 40 30.392000
49 41 86.387000
49 42 2.732000
49 43 72.231000
49 44 78.171000
49 45 99.189000
49 46 56.202000
49 47 11.184000
49 48 22.886000
49 50 7.837000
49 51 31.254000
49 52 11.671000
49 53 47.659000
49 54 83.245000
49 55 63.924000
49 56 59.393000
49 57 80.053000
49 58 54.906000
49 59 59.461000
49 60 99.497000
50 1 82.885000
50 2 46.598000
50 3 51.221000
50 4 43.879000
50 5 46.395000
50 6 41.202000
50 7 67.420000
50 8 89.718000
50 9 52.500000
50 10 2.894000
50 11 92.750000
50 12 73.570000
50 13 35.165000
50 14 43.211000
50 15 9.608000
50 16 43.266000
50 17 37.060000
50 18 79.426000
50 19 51.086000
50 20 42.752000
50 21 1.306000
50 22 76.074000
50 23 93.946000
50 24 7.436000
50 25 98.921000
50 26 67.558000
50 27 62.641000
50 28 55.904000
50 29 56.099000
50 30 5.133000
50 31 50.137000
50 32 52.509000
50 33 37.613000
50 34 60.736000
50 35 41.494000
50 36 44.240000
50 37 15.083000
50 38 5.820000
50 39 55.334000
50 40 17.894000
50 41 55.159000
50 42 99.566000
50 43 79.807000
50 44 32.118000
50 45 80.398000
50 46 35.065000
50 47 40.623000
50 48 21.462000
50 49 37.213000
50 51 18.168000
50 52 38.605000
50 53 98.739000
50 54 91.006000
50 55 73.987000
50 56 62.880000
50 57 36.275000
50 58 2.732000
50 59 39.225000
50 60 94.208000
51 1 92.680000
51 2 90.746000
51 3 68.059000
51 4 98.688000
51 5 51.131000
51 6 74.389000
51 7 37.044000
51 8 38.996000
51 9 48.617000
51 10 32.567000
51 11 87.227000
51 12 4.810000
51 13 74.759000
51 14 43.082000
51 15 90.429000
51 16 84.591000
51 17 4.542000
51 18 85.491000
51 19 36.274000
51 20 19.963000
51 21 80.665000
51 22 95.034000
51 23 53.038000
51 24 8.365000
51 25 91.519000
51 26 42.771000
51 27 93.816000
51 28 36.445000
51 29 64.046000
51 30 27.725000
51 31 51.503000
51 32 91.946000
51 33 94.770000
51 34 88.006000
51 35 7.084000
51 36 67.890000
51 37 29.400000
51 38 11.674000
51 39 88.337000
51 40 50.366000
51 41 12.555000
51 42 39.642000
51 43 71.248000
51 44 2.766000
51 45 89.592000
51 46 4.970000
51 47 73.261000
51 48 43.961000
51 49 62.679000
51 50 72.365000
51 52 63.678000
51 53 15.315000
51 54 1.626000
51 55 43.374000
51 56 20.348000
51 57 5.436000
51 58 87.415000
51 59 55.615000
51 60 71.060000
52 1 97.698000
52 2 26.082000
52 3 69.692000
52 4 5.759000
52 5 65.091000
52 6 89.974000
52 7 55.186000
52 8 15.049000
52 9 61.592000
52 10 92.636000
52 11 78.494000
52 12 6.581000
52 13 2.344000
52 14 80.748000
52 15 47.162000
52 16 84.290000
52 17 32.355000
52 18 31.479000
52 19 69.248000
52 20 41.442000
52 21 36.355000
52 22 61.578000
52 23 69.990000
52 24 12.989000
52 25 77.827000
52 26 13.388000
52 27 58.917000
52 28 86.684000
52 29 83.140000
52 30 75.479000
52 31 79.388000
52 32 8.917000
52 33 86.061000
52 34 72.623000
52 35 55.947000
52 36 76.659000
52 37 20.675000
52 38 7.762000
52 39 79.978000
52 40 68.778000
52 41 96.013000
52 42 55.930000
52 43 20.556000
52 44 1.415000
52 45 5.720000
52 46 4.854000
52 47 65.828000
52 48 50.370000
52 49 10.898000
52 50 69.651000
52 51 87.692000
52 53 39.386000
52 54 7.129000
52 55 87.018000
52 56 29.314000
52 57 15.924000
52 58 9.779000
52 59 12.864000
52 60 15.540000
53 1 67.736000
53 2 6.016000
53 3 53.319000
53 4 22.572000
53 5 14.481000
53 6 56.502000
53 7 13.223000
53 8 91.766000
53 9 5.648000
53 10 34.055000
53 11 21.923000
53 12 55.500000
53 13 48.988000
53 14 7.073000
53 15 6.606000
53 16 9.532000
53 17 84.387000
53 18 67.552000
53 19 62.981000
53 20 44.070000
53 21 19.482000
53 22 62.258000
53 23 41.844000
53 24 51.010000
53 25 96.042000
53 26 77.163000
53 27 28.167000
53 28 38.957000
53 29 35.944000
53 30 1.650000
53 31 82.210000
53 32 62.035000
53 33 20.568000
53 34 96.323000
53 35 74.631000
53 36 93.153000
53 37 18.500000
53 38 85.393000
53 39 82.608000
53 40 35.459000
53 41 83.759000
53 42 40.718000
53 43 51.103000
53 44 90.743000
53 45 64.833000
53 46 99.181000
53 47 9.530000
53 48 32.567000
53 49 58.192000
53 50 1.473000
53 51 17.253000
53 52 59.506000
53 54 57.222000
53 55 99.701000
53 56 80.059000
53 57 75.557000
53 58 73.785000
53 59 13.439000
53 60 73.192000
54 1 38.020000
54 2 50.551000
54 3 48.896000
54 4 71.300000
54 5 32.934000
54 6 48.985000
54 7 85.362000
54 8 58.970000
54 9 10.539000
54 10 99.042000
54 11 35.025000
54 12 8.651000
54 13 3.681000
54 14 8.859000
54 15 82.289000
54 16 95.392000
54 17 57.177000
54 18 82.276000
54 19 54.581000
54 20 66.587000
54 21 76.867000
54 22 86.338000
54 23 82.346000
54 24 6.327000
54 25 65.174000
54 26 95.838000
54 27 17.309000
54 28 17.308000
54 29 47.990000
54 30 53.178000
54 31 99.630000
54 32 14.440000
54 33 40.802000
54 34 94.368000
54 35 33.202000
54 36 49.089000
54 37 99.031000
54 38 84.276000
54 39 82.435000
54 40 24.590000
54 41 82.771000
54 42 56.425000
54 43 93.351000
54 44 38.121000
54 45 8.241000
54 46 40.960000
54 47 56.095000
54 48 9.626000
54 49 44.776000
54 50 29.874000
54 51 11.553000
54 52 9.464000
54 53 59.746000
54 55 64.364000
54 56 37.343000
54 57 81.302000
54 58 7.341000
54 59 19.093000
54 60 66.189000
55 1 7.502000
55 2 51.765000
55 3 87.803000
55 4 63.714000
55 5 49.807000
55 6 41.869000
55 7 64.784000
55 8 73.353000
55 9 58.521000
55 10 92.985000
55 11 17.724000
55 12 22.376000
55 13 62.214000
55 14 47.646000
55 15 26.797000
55 16 1.114000
55 17 70.137000
55 18 12.238000
55 19 1.697000
55 20 48.599000
55 21 14.379000
55 22 90.319000
55 23 12.353000
55 24 82.982000
55 25 47.022000
55 26 14.570000
55 27 15.206000
55 28 15.256000
55 29 57.840000
55 30 64.796000
55 31 80.255000
55 32 58.208000
55 33 46.887000
55 34 1.134000
55 35 48.306000
55 36 28.840000
55 37 73.233000
55 38 82.562000
55 39 91.214000
55 40 31.110000
55 41 74.480000
55 42 1.574000
55 43 17.212000
55 44 42.094000
55 45 79.702000
55 46 64.355000
55 47 87.496000
55 48 21.624000
55 49 94.999000
55 50 12.362000
55 51 33.454000
55 52 6.062000
55 53 96.866000
55 54 39.832000
55 56 90.342000
55 57 39.269000
55 58 9.431000
55 59 8.668000
55 60 40.353000
56 1 95.768000
56 2 34.681000
56 3 31.335000
56 4 83.105000
56 5 2.058000
56 6 0.160000
56 7 29.588000
56 8 18.030000
56 9 42.673000
56 10 64.926000
56 11 38.568000
56 12 67.403000
56 13 26.781000
56 14 14.105000
56 15 7.639000
56 16 66.391000
56 17 68.785000
56 18 31.228000
56 19 35.469000
56 20 42.449000
56 21 62.284000
56 22 29.046000
56 23 74.824000
56 24 2.429000
56 25 34.260000
56 26 17.136000
56 27 7.036000
56 28 34.402000
56 29 35.351000
56 30 69.232000
56 31 10.295000
56 32 90.020000
56 33 39.942000
56 34 50.024000
56 35 16.103000
56 36 28.790000
56 37 77.668000
56 38 88.984000
56 39 70.051000
56 40 95.237000
56 41 25.537000
56 42 6.252000
56 43 23.439000
56 44 64.214000
56 45 98.817000
56 46 19.481000
56 47 78.847000
56 48 99.280000
56 49 56.115000
56 50 52.443000
56 51 65.206000
56 52 74.407000
56 53 39.988000
56 54 36.951000
56 55 60.005000
56 57 49.445000
56 58 17.711000
56 59 77.666000
56 60 62.955000
57 1 91.958000
57 2 62.174000
57 3 70.567000
57 4 84.201000
57 5 59.967000
57 6 82.237000
57 7 18.646000
57 8 27.230000
57 9 55.386000
57 10 55.206000
57 11 34.867000
57 12 47.690000
57 13 93.115000
57 14 46.611000
57 15 35.317000
57 16 8.887000
57 17 76.949000
57 18 12.672000
57 19 86.483000
57 20 84.199000
57 21 82.423000
57 22 56.945000
57 23 46.558000
57 24 52.641000
57 25 72.470000
57 26 82.767000
57 27 90.125000
57 28 46.094000
57 29 46.350000
57 30 80.684000
57 31 90.848000
57 32 23.019000
57 33 51.483000
57 34 58.300000
57 35 79.838000
57 36 50.819000
57 37 97.490000
57 38 52.789000
57 39 15.027000
57 40 2.683000
57 41 98.115000
57 42 81.027000
57 43 25.231000
57 44 53.463000
57 45 99.576000
57 46 13.847000
57 47 13.161000
57 48 49.718000
57 49 63.598000
57 50 52.555000
57 51 73.155000
57 52 69.117000
57 53 9.815000
57 54 46.336000
57 55 87.378000
57 56 8.994000
57 58 32.058000
57 59 29.391000
57 60 66.095000
58 1 24.684000
58 2 82.836000
58 3 88.144000
58 4 21.473000
58 5 35.412000
58 6 46.214000
58 7 75.480000
58 8 3.483000
58 9 40.615000
58 10 70.467000
58 11 77.296000
58 12 70.908000
58 13 93.289000
58 14 84.365000
58 15 92.776000
58 16 86.586000
58 17 24.863000
58 18 99.171000
58 19 24.845000
58 20 38.504000
58 21 92.506000
58 22 56.188000
58 23 77.054000
58 24 72.396000
58 25 90.747000
58 26 41.235000
58 27 36.594000
58 28 37.256000
58 29 60.894000
58 30 90.169000
58 31 7.202000
58 32 51.127000
58 33 83.386000
58 34 73.263000
58 35 41.539000
58 36 83.264000
58 37 33.079000
58 38 44.210000
58 39 5.540000
58 40 90.374000
58 41 7.107000
58 42 70.756000
58 43 15.201000
58 44 82.993000
58 45 51.656000
58 46 18.083000
58 47 30.079000
58 48 91.563000
58 49 50.885000
58 50 41.861000
58 51 79.199000
58 52 40.746000
58 53 21.012000
58 54 40.564000
58 55 34.125000
58 56 54.420000
58 57 74.549000
58 59 40.989000
58 60 56.403000
59 1 97.404000
59 2 94.100000
59 3 79.948000
59 4 90.235000
59 5 55.672000
59 6 20.914000
59 7 52.763000
59 8 42.062000
59 9 63.128000
59 10 74.439000
59 11 57.341000
59 12 58.074000
59 13 16.411000
59 14 61.201000
59 15 55.001000
59 16 7.279000
59 17 21.416000
59 18 9.782000
59 19 2.226000
59 20 79.746000
59 21 47.356000
59 22 96.359000
59 23 48.816000
59 24 3.983000
59 25 91.104000
59 26 68.887000
59 27 17.774000
59 28 86.749000
59 29 4.017000
59 30 49.879000
59 31 1.110000
59 32 35.356000
59 33 22.567000
59 34 18.331000
59 35 46.628000
59 36 43.574000
59 37 8.877000
59 38 21.609000
59 39 10.212000
59 40 68.733000
59 41 0.632000
59 42 73.995000
59 43 51.594000
59 44 63.125000
59 45 92.778000
59 46 67.894000
59 47 93.251000
59 48 46.640000
59 49 89.852000
59 50 11.253000
59 51 57.732000
59 52 86.824000
59 53 89.875000
59 54 39.614000
59 55 17.845000
59 56 64.415000
59 57 90.007000
59 58 5.976000
59 60 64.411000
60 1 95.034000
60 2 64.861000
60 3 98.080000
60 4 35.863000
60 5 24.542000
60 6 15.553000
60 7 25.827000
60 8 59.406000
60 9 87.608000
60 10 48.302000
60 11 17.238000
60 12 77.571000
60 13 6.294000
60 14 78.009000
60 15 19.016000
60 16 82.868000
60 17 28.475000
60 18 45.346000
60 19 13.934000
60 20 32.992000
60 21 16.645000
60 22 27.700000
60 23 30.867000
60 24 97.267000
60 25 35.050000
60 26 51.210000
60 27 86.933000
60 28 48.777000
60 29 43.856000
60 30 49.142000
60 31 44.124000
60 32 1.513000
60 33 47.818000
60 34 51.541000
60 35 15.524000
60 36 42.896000
60 37 16.002000
60 38 23.300000
60 39 6.561000
60 40 70.789000
60 41 28.508000
60 42 33.299000
60 43 21.012000
60 44 23.513000
60 45 41.594000
60 46 85.563000
60 47 2.262000
60 48 4.336000
60 49 55.410000
60 50 52.522000
60 51 26.269000
60 52 36.422000
60 53 31.606000
60 54 41.872000
60 55 61.474000
60 56 55.500000
60 57 40.575000
60 58 16.682000
60 59 40.588000
