set CITIES := 1 2 3 4 5 6 7 8 9 10 11 12 13 14 15 16 17 18 19 20 21 22 23 24 25 26 27 28 29 30 31 32 33 34 35 36 37 38 39 40 41 42 43 44 45 46 47 48 49 50 51 52 53 54 55 56 57 58 59 60 ;

param COST :=
[2,1] 2.909
[3,1] 37.166
[4,1] 38.75
[5,1] 48.4
[6,1] 26.92
[7,1] 82.508
[8,1] 0.239
[9,1] 49.964
[10,1] 87.766
[11,1] 20.707
[12,1] 42.981
[13,1] 50.96
[14,1] 98.323
[15,1] 10.724
[16,1] 90.128
[17,1] 1.406
[18,1] 80.019
[19,1] 80.623
[20,1] 90.465
[21,1] 39.015
[22,1] 67.672
[23,1] 13.776
[24,1] 19.704
[25,1] 54.314
[26,1] 84.556
[27,1] 60.3
[28,1] 42.319
[29,1] 10.618
[30,1] 85.021
[31,1] 1.327
[32,1] 19.536
[33,1] 8.509
[34,1] 23.643
[35,1] 52.935
[36,1] 10.572
[37,1] 90.856
[38,1] 83.43
[39,1] 63.261
[40,1] 67.776
[41,1] 26.152
[42,1] 41.834
[43,1] 36.313
[44,1] 12.225
[45,1] 27.943
[46,1] 51.939
[47,1] 15.673
[48,1] 53.212
[49,1] 20.815
[50,1] 82.885
[51,1] 92.68
[52,1] 97.698
[53,1] 67.736
[54,1] 38.02
[55,1] 7.502
[56,1] 95.768
[57,1] 91.958
[58,1] 24.684
[59,1] 97.404
[60,1] 95.034
[1,2] 44.834
[3,2] 63.886
[4,2] 61.537
[5,2] 58.918
[6,2] 75.868
[7,2] 96.061
[8,2] 22.097
[9,2] 85.788
[10,2] 69.066
[11,2] 62.49
[12,2] 92.869
[13,2] 54.895
[14,2] 79.935
[15,2] 75.803
[16,2] 11.547
[17,2] 60.675
[18,2] 36.109
[19,2] 88.884
[20,2] 28.09
[21,2] 75.461
[22,2] 0.609
[23,2] 17.576
[24,2] 23.655
[25,2] 42.731
[26,2] 32.374
[27,2] 3.804
[28,2] 9.479
[29,2] 18.399
[30,2] 44.489
[31,2] 75.295
[32,2] 2.298
[33,2] 0.831
[34,2] 65.954
[35,2] 36.045
[36,2] 97.795
[37,2] 93.54
[38,2] 54.175
[39,2] 17.835
[40,2] 80.661
[41,2] 61.56
[42,2] 4.939
[43,2] 1.239
[44,2] 11.624
[45,2] 34.498
[46,2] 48.233
[47,2] 89.699
[48,2] 47.255
[49,2] 49.328
[50,2] 46.598
[51,2] 90.746
[52,2] 26.082
[53,2] 6.016
[54,2] 50.551
[55,2] 51.765
[56,2] 34.681
[57,2] 62.174
[58,2] 82.836
[59,2] 94.1
[60,2] 64.861
[1,3] 83.808
[2,3] 15.536
[4,3] 23.82
[5,3] 32.329
[6,3] 27.046
[7,3] 41.592
[8,3] 68.281
[9,3] 85.697
[10,3] 83.521
[11,3] 69.115
[12,3] 48.432
[13,3] 8.241
[14,3] 32.243
[15,3] 11.244
[16,3] 1.496
[17,3] 72.454
[18,3] 73.224
[19,3] 94.14
[20,3] 66.455
[21,3] 30.263
[22,3] 81.625
[23,3] 30.631
[24,3] 3.795
[25,3] 23.217
[26,3] 7.841
[27,3] 68.396
[28,3] 59.012
[29,3] 3.463
[30,3] 91.46
[31,3] 16.233
[32,3] 49.037
[33,3] 65.627
[34,3] 86.996
[35,3] 44.149
[36,3] 53.822
[37,3] 29.255
[38,3] 6.738
[39,3] 45.096
[40,3] 1.014
[41,3] 31.777
[42,3] 94.346
[43,3] 47.082
[44,3] 92.445
[45,3] 52.416
[46,3] 44.683
[47,3] 89.2
[48,3] 5.509
[49,3] 9.634
[50,3] 51.221
[51,3] 68.059
[52,3] 69.692
[53,3] 53.319
[54,3] 48.896
[55,3] 87.803
[56,3] 31.335
[57,3] 70.567
[58,3] 88.144
[59,3] 79.948
[60,3] 98.08
[1,4] 12.825
[2,4] 74.448
[3,4] 69.866
[5,4] 24.18
[6,4] 70.628
[7,4] 25.07
[8,4] 95.905
[9,4] 14.665
[10,4] 62.046
[11,4] 27.536
[12,4] 55.695
[13,4] 33.152
[14,4] 43.195
[15,4] 41.969
[16,4] 55.375
[17,4] 65.718
[18,4] 78.807
[19,4] 78.743
[20,4] 37.078
[21,4] 6.481
[22,4] 83.361
[23,4] 88.897
[24,4] 77.971
[25,4] 52.058
[26,4] 56.251
[27,4] 69.322
[28,4] 57.901
[29,4] 42.282
[30,4] 90.629
[31,4] 54.742
[32,4] 55.822
[33,4] 47.044
[34,4] 72.024
[35,4] 78.853
[36,4] 12.068
[37,4] 26.552
[38,4] 58.662
[39,4] 76.064
[40,4] 42.319
[41,4] 41.704
[42,4] 47.068
[43,4] 97.114
[44,4] 6.407
[45,4] 76.108
[46,4] 87.936
[47,4] 48.669
[48,4] 0.744
[49,4] 44.158
[50,4] 43.879
[51,4] 98.688
[52,4] 5.759
[53,4] 22.572
[54,4] 71.3
[55,4] 63.714
[56,4] 83.105
[57,4] 84.201
[58,4] 21.473
[59,4] 90.235
[60,4] 35.863
[1,5] 85.65
[2,5] 58.033
[3,5] 74.024
[4,5] 58.864
[6,5] 3.524
[7,5] 69.217
[8,5] 55.674
[9,5] 59.623
[10,5] 56.557
[11,5] 9.04
[12,5] 77.07
[13,5] 23.288
[14,5] 48.712
[15,5] 16.118
[16,5] 19.604
[17,5] 74.502
[18,5] 3.711
[19,5] 40.516
[20,5] 62.086
[21,5] 9.43
[22,5] 64.679
[23,5] 85.097
[24,5] 46.55
[25,5] 74.077
[26,5] 21.158
[27,5] 54.419
[28,5] 39.317
[29,5] 22.984
[30,5] 12.265
[31,5] 34.842
[32,5] 85.345
[33,5] 39.412
[34,5] 87.723
[35,5] 74.159
[36,5] 69.193
[37,5] 47.632
[38,5] 42.216
[39,5] 28.719
[40,5] 73.811
[41,5] 85.871
[42,5] 68.001
[43,5] 6.237
[44,5] 2.937
[45,5] 30.28
[46,5] 11.077
[47,5] 33.285
[48,5] 91.832
[49,5] 29.999
[50,5] 46.395
[51,5] 51.131
[52,5] 65.091
[53,5] 14.481
[54,5] 32.934
[55,5] 49.807
[56,5] 2.058
[57,5] 59.967
[58,5] 35.412
[59,5] 55.672
[60,5] 24.542
[1,6] 9.165
[2,6] 45.531
[3,6] 13.43
[4,6] 19.581
[5,6] 35.379
[7,6] 76.264
[8,6] 6.25
[9,6] 20.613
[10,6] 84.649
[11,6] 58.458
[12,6] 45.226
[13,6] 75.963
[14,6] 66.866
[15,6] 5.417
[16,6] 73.649
[17,6] 58.556
[18,6] 31.871
[19,6] 33.853
[20,6] 44.638
[21,6] 85.828
[22,6] 82.01
[23,6] 24.185
[24,6] 50.97
[25,6] 86.477
[26,6] 90.525
[27,6] 18.114
[28,6] 98.343
[29,6] 71.808
[30,6] 92.27
[31,6] 44.462
[32,6] 36.47
[33,6] 16.883
[34,6] 84.816
[35,6] 52.715
[36,6] 81.346
[37,6] 65.386
[38,6] 25.029
[39,6] 61.08
[40,6] 91.123
[41,6] 15.385
[42,6] 75.785
[43,6] 38.285
[44,6] 28.907
[45,6] 55.196
[46,6] 56.564
[47,6] 45.724
[48,6] 78.411
[49,6] 55.214
[50,6] 41.202
[51,6] 74.389
[52,6] 89.974
[53,6] 56.502
[54,6] 48.985
[55,6] 41.869
[56,6] 0.16
[57,6] 82.237
[58,6] 46.214
[59,6] 20.914
[60,6] 15.553
[1,7] 46.114
[2,7] 95.064
[3,7] 60.696
[4,7] 87.643
[5,7] 41.881
[6,7] 41.478
[8,7] 3.286
[9,7] 4.356
[10,7] 7.467
[11,7] 1.441
[12,7] 21.533
[13,7] 49.292
[14,7] 91.744
[15,7] 10.366
[16,7] 8.755
[17,7] 27.732
[18,7] 8.516
[19,7] 36.51
[20,7] 18.97
[21,7] 77.012
[22,7] 37.417
[23,7] 76.813
[24,7] 41.484
[25,7] 91.969
[26,7] 22.841
[27,7] 39.046
[28,7] 54.676
[29,7] 55.134
[30,7] 4.984
[31,7] 17.812
[32,7] 46.389
[33,7] 62.381
[34,7] 79.234
[35,7] 20.646
[36,7] 22.965
[37,7] 64.536
[38,7] 18.271
[39,7] 68.158
[40,7] 49.194
[41,7] 22.553
[42,7] 50.858
[43,7] 53.003
[44,7] 26.677
[45,7] 43.22
[46,7] 49.874
[47,7] 16.508
[48,7] 79.586
[49,7] 45.925
[50,7] 67.42
[51,7] 37.044
[52,7] 55.186
[53,7] 13.223
[54,7] 85.362
[55,7] 64.784
[56,7] 29.588
[57,7] 18.646
[58,7] 75.48
[59,7] 52.763
[60,7] 25.827
[1,8] 15.28
[2,8] 45.877
[3,8] 63.202
[4,8] 34.437
[5,8] 42.118
[6,8] 85.468
[7,8] 74.347
[9,8] 91.685
[10,8] 61.837
[11,8] 47.677
[12,8] 37.126
[13,8] 75.412
[14,8] 47.87
[15,8] 41.206
[16,8] 35.134
[17,8] 4.79
[18,8] 84.298
[19,8] 99.994
[20,8] 76.776
[21,8] 54.436
[22,8] 81.959
[23,8] 17.365
[24,8] 98.565
[25,8] 46.29
[26,8] 19.296
[27,8] 21.16
[28,8] 98.167
[29,8] 80.237
[30,8] 13.881
[31,8] 6.431
[32,8] 81.077
[33,8] 75.21
[34,8] 62.224
[35,8] 71.966
[36,8] 5.681
[37,8] 74.121
[38,8] 41.442
[39,8] 85.79
[40,8] 39.195
[41,8] 75.952
[42,8] 50.595
[43,8] 80.618
[44,8] 95.086
[45,8] 44.757
[46,8] 45.062
[47,8] 57.535
[48,8] 60.661
[49,8] 77.308
[50,8] 89.718
[51,8] 38.996
[52,8] 15.049
[53,8] 91.766
[54,8] 58.97
[55,8] 73.353
[56,8] 18.03
[57,8] 27.23
[58,8] 3.483
[59,8] 42.062
[60,8] 59.406
[1,9] 55.848
[2,9] 73.056
[3,9] 25.888
[4,9] 84.601
[5,9] 40.51
[6,9] 43.714
[7,9] 85.79
[8,9] 74.212
[10,9] 33.834
[11,9] 72.028
[12,9] 10.872
[13,9] 89.776
[14,9] 75.968
[15,9] 66.179
[16,9] 31.737
[17,9] 87.869
[18,9] 39.026
[19,9] 66.838
[20,9] 34.64
[21,9] 38.456
[22,9] 53.869
[23,9] 41.899
[24,9] 55.271
[25,9] 75.644
[26,9] 6.684
[27,9] 41.86
[28,9] 32.057
[29,9] 43.3
[30,9] 46.591
[31,9] 40.959
[32,9] 29.66
[33,9] 30.719
[34,9] 7.755
[35,9] 28.683
[36,9] 41.2
[37,9] 54.114
[38,9] 34.726
[39,9] 53.351
[40,9] 40.792
[41,9] 74.225
[42,9] 57.329
[43,9] 45.019
[44,9] 97.153
[45,9] 42.25
[46,9] 62.068
[47,9] 21.213
[48,9] 97.687
[49,9] 21.619
[50,9] 52.5
[51,9] 48.617
[52,9] 61.592
[53,9] 5.648
[54,9] 10.539
[55,9] 58.521
[56,9] 42.673
[57,9] 55.386
[58,9] 40.615
[59,9] 63.128
[60,9] 87.608
[1,10] 51.765
[2,10] 46.714
[3,10] 43.821
[4,10] 12.59
[5,10] 78.175
[6,10] 4.507
[7,10] 49.692
[8,10] 0.933
[9,10] 3.533
[11,10] 33.987
[12,10] 88.366
[13,10] 98.274
[14,10] 43.029
[15,10] 51.217
[16,10] 99.907
[17,10] 41.208
[18,10] 36.455
[19,10] 68.557
[20,10] 90.449
[21,10] 42.267
[22,10] 28.557
[23,10] 14.84
[24,10] 87.932
[25,10] 46.729
[26,10] 49.718
[27,10] 96.78
[28,10] 19.59
[29,10] 35.933
[30,10] 44.502
[31,10] 84.613
[32,10] 44.574
[33,10] 65.602
[34,10] 80.226
[35,10] 81.711
[36,10] 32.094
[37,10] 38.608
[38,10] 60.82
[39,10] 0.91
[40,10] 51.74
[41,10] 29.189
[42,10] 44.085
[43,10] 77.318
[44,10] 60.304
[45,10] 18.635
[46,10] 73.667
[47,10] 39.561
[48,10] 91.046
[49,10] 22.432
[50,10] 2.894
[51,10] 32.567
[52,10] 92.636
[53,10] 34.055
[54,10] 99.042
[55,10] 92.985
[56,10] 64.926
[57,10] 55.206
[58,10] 70.467
[59,10] 74.439
[60,10] 48.302
[1,11] 5.233
[2,11] 44.672
[3,11] 42.843
[4,11] 54.662
[5,11] 71.665
[6,11] 77.629
[7,11] 32.635
[8,11] 25.273
[9,11] 55.106
[10,11] 29.533
[12,11] 46.801
[13,11] 67.788
[14,11] 64.001
[15,11] 17.567
[16,11] 69.342
[17,11] 41.69
[18,11] 78.952
[19,11] 36.932
[20,11] 23.843
[21,11] 67.15
[22,11] 23.059
[23,11] 65.225
[24,11] 59.816
[25,11] 33.517
[26,11] 72.794
[27,11] 56.443
[28,11] 10.41
[29,11] 90.828
[30,11] 56.879
[31,11] 61.034
[32,11] 68.096
[33,11] 84.346
[34,11] 21.401
[35,11] 26.836
[36,11] 2.79
[37,11] 93.419
[38,11] 91.359
[39,11] 41.479
[40,11] 49.7
[41,11] 98.544
[42,11] 82.911
[43,11] 25.305
[44,11] 37.074
[45,11] 40.709
[46,11] 87.529
[47,11] 11.181
[48,11] 76.814
[49,11] 90.475
[50,11] 92.75
[51,11] 87.227
[52,11] 78.494
[53,11] 21.923
[54,11] 35.025
[55,11] 17.724
[56,11] 38.568
[57,11] 34.867
[58,11] 77.296
[59,11] 57.341
[60,11] 17.238
[1,12] 37.049
[2,12] 84.862
[3,12] 86.331
[4,12] 81.921
[5,12] 14.45
[6,12] 33.2
[7,12] 1.447
[8,12] 95.911
[9,12] 10.58
[10,12] 63.105
[11,12] 17.912
[13,12] 3.992
[14,12] 13.945
[15,12] 97.86
[16,12] 60.212
[17,12] 95.327
[18,12] 26.508
[19,12] 38.905
[20,12] 46.375
[21,12] 46.641
[22,12] 23.276
[23,12] 64.607
[24,12] 39.365
[25,12] 37.146
[26,12] 3.289
[27,12] 17.152
[28,12] 50.552
[29,12] 91.789
[30,12] 28.803
[31,12] 77.274
[32,12] 96.414
[33,12] 52.574
[34,12] 1.217
[35,12] 16.95
[36,12] 36.926
[37,12] 37.866
[38,12] 36.313
[39,12] 30.523
[40,12] 72.708
[41,12] 7.225
[42,12] 26.513
[43,12] 14.636
[44,12] 32.025
[45,12] 57.564
[46,12] 43.204
[47,12] 15.113
[48,12] 18.725
[49,12] 90.426
[50,12] 73.57
[51,12] 4.81
[52,12] 6.581
[53,12] 55.5
[54,12] 8.651
[55,12] 22.376
[56,12] 67.403
[57,12] 47.69
[58,12] 70.908
[59,12] 58.074
[60,12] 77.571
[1,13] 99.199
[2,13] 98.527
[3,13] 22.517
[4,13] 77.706
[5,13] 95.713
[6,13] 10.022
[7,13] 41.56
[8,13] 12.933
[9,13] 60.99
[10,13] 22.662
[11,13] 44.42
[12,13] 79.843
[14,13] 87.125
[15,13] 68.952
[16,13] 76.067
[17,13] 41.277
[18,13] 37.63
[19,13] 55.452
[20,13] 53
[21,13] 69.484
[22,13] 92.946
[23,13] 18.522
[24,13] 24.413
[25,13] 94.501
[26,13] 88.005
[27,13] 26.12
[28,13] 59.811
[29,13] 83.128
[30,13] 70.525
[31,13] 70.266
[32,13] 12.39
[33,13] 1.456
[34,13] 62.43
[35,13] 81.145
[36,13] 17.545
[37,13] 77.092
[38,13] 13.655
[39,13] 5.466
[40,13] 8.582
[41,13] 70.241
[42,13] 43.809
[43,13] 44.833
[44,13] 11.581
[45,13] 18.735
[46,13] 30.551
[47,13] 94.726
[48,13] 96.451
[49,13] 90.804
[50,13] 35.165
[51,13] 74.759
[52,13] 2.344
[53,13] 48.988
[54,13] 3.681
[55,13] 62.214
[56,13] 26.781
[57,13] 93.115
[58,13] 93.289
[59,13] 16.411
[60,13] 6.294
[1,14] 50.01
[2,14] 58.966
[3,14] 98.85
[4,14] 40.329
[5,14] 97.47
[6,14] 8.353
[7,14] 79.03
[8,14] 1.147
[9,14] 4.146
[10,14] 75.671
[11,14] 56.127
[12,14] 71.803
[13,14] 88.84
[15,14] 33.75
[16,14] 3.939
[17,14] 30.491
[18,14] 72.214
[19,14] 56.407
[20,14] 32.552
[21,14] 11.892
[22,14] 33.443
[23,14] 36.265
[24,14] 2.341
[25,14] 31.366
[26,14] 26.386
[27,14] 5.884
[28,14] 7.739
[29,14] 23.606
[30,14] 62.689
[31,14] 56.364
[32,14] 11.343
[33,14] 15.91
[34,14] 68.066
[35,14] 21.284
[36,14] 72.51
[37,14] 72.552
[38,14] 55.947
[39,14] 85.079
[40,14] 77.244
[41,14] 89.769
[42,14] 92.894
[43,14] 12.114
[44,14] 67.375
[45,14] 88.598
[46,14] 65.732
[47,14] 28.5
[48,14] 21.835
[49,14] 50.87
[50,14] 43.211
[51,14] 43.082
[52,14] 80.748
[53,14] 7.073
[54,14] 8.859
[55,14] 47.646
[56,14] 14.105
[57,14] 46.611
[58,14] 84.365
[59,14] 61.201
[60,14] 78.009
[1,15] 54.47
[2,15] 1.683
[3,15] 38.816
[4,15] 17.678
[5,15] 12.175
[6,15] 24.137
[7,15] 19.815
[8,15] 28.958
[9,15] 26.665
[10,15] 93.935
[11,15] 63.958
[12,15] 50.742
[13,15] 28.44
[14,15] 99.523
[16,15] 7.293
[17,15] 10.122
[18,15] 23.85
[19,15] 6.026
[20,15] 41.957
[21,15] 73.556
[22,15] 42.335
[23,15] 54.666
[24,15] 15.462
[25,15] 57.077
[26,15] 80.105
[27,15] 90.168
[28,15] 64.53
[29,15] 56.446
[30,15] 47.522
[31,15] 58.057
[32,15] 81.809
[33,15] 38.957
[34,15] 40.683
[35,15] 62.013
[36,15] 25.852
[37,15] 53.458
[38,15] 40.499
[39,15] 16.965
[40,15] 36.661
[41,15] 67.039
[42,15] 26.758
[43,15] 16.759
[44,15] 17.651
[45,15] 33.174
[46,15] 97.695
[47,15] 71.598
[48,15] 74.68
[49,15] 50.475
[50,15] 9.608
[51,15] 90.429
[52,15] 47.162
[53,15] 6.606
[54,15] 82.289
[55,15] 26.797
[56,15] 7.639
[57,15] 35.317
[58,15] 92.776
[59,15] 55.001
[60,15] 19.016
[1,16] 44.568
[2,16] 85.05
[3,16] 12.498
[4,16] 62.385
[5,16] 30
[6,16] 36.192
[7,16] 38.175
[8,16] 51.576
[9,16] 44.158
[10,16] 7.334
[11,16] 85.569
[12,16] 25.858
[13,16] 42.196
[14,16] 75.56
[15,16] 51.454
[17,16] 1.554
[18,16] 56.138
[19,16] 36.496
[20,16] 31.225
[21,16] 15.785
[22,16] 92.734
[23,16] 68.409
[24,16] 19.557
[25,16] 61.843
[26,16] 83.13
[27,16] 63.806
[28,16] 24.051
[29,16] 29.328
[30,16] 68.359
[31,16] 78.394
[32,16] 0.75
[33,16] 84.598
[34,16] 80.363
[35,16] 65.864
[36,16] 26.251
[37,16] 44.247
[38,16] 43.496
[39,16] 75.724
[40,16] 27.978
[41,16] 67.894
[42,16] 31.177
[43,16] 35.61
[44,16] 53.457
[45,16] 64.366
[46,16] 43.297
[47,16] 0.98
[48,16] 40.612
[49,16] 81.2
[50,16] 43.266
[51,16] 84.591
[52,16] 84.29
[53,16] 9.532
[54,16] 95.392
[55,16] 1.114
[56,16] 66.391
[57,16] 8.887
[58,16] 86.586
[59,16] 7.279
[60,16] 82.868
[1,17] 81.99
[2,17] 33.1
[3,17] 59.38
[4,17] 17.402
[5,17] 54.244
[6,17] 16.623
[7,17] 9.367
[8,17] 93.467
[9,17] 53.967
[10,17] 26.966
[11,17] 84.504
[12,17] 61.452
[13,17] 9.943
[14,17] 23.117
[15,17] 49.119
[16,17] 18.661
[18,17] 62.927
[19,17] 25.373
[20,17] 75.528
[21,17] 32.398
[22,17] 23.819
[23,17] 84.564
[24,17] 87.925
[25,17] 24.347
[26,17] 40.334
[27,17] 6.325
[28,17] 87.287
[29,17] 60.569
[30,17] 26.943
[31,17] 50.109
[32,17] 34.615
[33,17] 85.272
[34,17] 52.718
[35,17] 48.274
[36,17] 20.152
[37,17] 42.166
[38,17] 11.353
[39,17] 94.837
[40,17] 93.855
[41,17] 38.675
[42,17] 48.957
[43,17] 12.639
[44,17] 85.999
[45,17] 84.013
[46,17] 74.982
[47,17] 92.77
[48,17] 27.796
[49,17] 32.293
[50,17] 37.06
[51,17] 4.542
[52,17] 32.355
[53,17] 84.387
[54,17] 57.177
[55,17] 70.137
[56,17] 68.785
[57,17] 76.949
[58,17] 24.863
[59,17] 21.416
[60,17] 28.475
[1,18] 69.474
[2,18] 19.183
[3,18] 97.657
[4,18] 50.116
[5,18] 10.671
[6,18] 78.49
[7,18] 91.201
[8,18] 68.265
[9,18] 74.583
[10,18] 95.874
[11,18] 18.497
[12,18] 94.946
[13,18] 26.311
[14,18] 93.287
[15,18] 58.225
[16,18] 5.048
[17,18] 93.597
[19,18] 49.34
[20,18] 43.565
[21,18] 32.107
[22,18] 68.771
[23,18] 80.733
[24,18] 37.424
[25,18] 34.275
[26,18] 8.754
[27,18] 71.266
[28,18] 15.698
[29,18] 8.639
[30,18] 14.093
[31,18] 56.333
[32,18] 54.786
[33,18] 55.373
[34,18] 41.864
[35,18] 94.174
[36,18] 99.383
[37,18] 57.985
[38,18] 19.26
[39,18] 9.317
[40,18] 31.722
[41,18] 46.219
[42,18] 16.565
[43,18] 82.824
[44,18] 42.093
[45,18] 89.777
[46,18] 87.059
[47,18] 49.563
[48,18] 70.63
[49,18] 34.516
[50,18] 79.426
[51,18] 85.491
[52,18] 31.479
[53,18] 67.552
[54,18] 82.276
[55,18] 12.238
[56,18] 31.228
[57,18] 12.672
[58,18] 99.171
[59,18] 9.782
[60,18] 45.346
[1,19] 59.98
[2,19] 11.887
[3,19] 67.531
[4,19] 27.949
[5,19] 81.559
[6,19] 84.214
[7,19] 84.397
[8,19] 53.697
[9,19] 13.142
[10,19] 72.898
[11,19] 62.037
[12,19] 75.477
[13,19] 50.928
[14,19] 60.675
[15,19] 71.679
[16,19] 9.399
[17,19] 73.81
[18,19] 16.092
[20,19] 92.712
[21,19] 84.63
[22,19] 45.088
[23,19] 93.139
[24,19] 51.605
[25,19] 99.009
[26,19] 16.876
[27,19] 34.983
[28,19] 9.575
[29,19] 62.788
[30,19] 8.655
[31,19] 43.685
[32,19] 6.637
[33,19] 74.82
[34,19] 26.527
[35,19] 34.899
[36,19] 34.226
[37,19] 4.4
[38,19] 41.699
[39,19] 82.931
[40,19] 78.405
[41,19] 93.026
[42,19] 23.49
[43,19] 75.28
[44,19] 65.398
[45,19] 48.657
[46,19] 56.744
[47,19] 45.706
[48,19] 44.314
[49,19] 24.583
[50,19] 51.086
[51,19] 36.274
[52,19] 69.248
[53,19] 62.981
[54,19] 54.581
[55,19] 1.697
[56,19] 35.469
[57,19] 86.483
[58,19] 24.845
[59,19] 2.226
[60,19] 13.934
[1,20] 90.076
[2,20] 51.042
[3,20] 6.576
[4,20] 81.224
[5,20] 83.8
[6,20] 53.362
[7,20] 0.334
[8,20] 32.478
[9,20] 21.455
[10,20] 11.096
[11,20] 43.3
[12,20] 79.08
[13,20] 88.793
[14,20] 90.908
[15,20] 26.128
[16,20] 38.842
[17,20] 66.489
[18,20] 83.737
[19,20] 18.82
[21,20] 53.126
[22,20] 61.822
[23,20] 96.829
[24,20] 53.08
[25,20] 75.437
[26,20] 4.53
[27,20] 67.49
[28,20] 99.413
[29,20] 25.277
[30,20] 31.376
[31,20] 48.233
[32,20] 44.367
[33,20] 1.222
[34,20] 11.374
[35,20] 81.774
[36,20] 79.153
[37,20] 64.172
[38,20] 70.554
[39,20] 89.279
[40,20] 28.287
[41,20] 22.315
[42,20] 92.186
[43,20] 1.593
[44,20] 19.602
[45,20] 43.777
[46,20] 37.974
[47,20] 81.395
[48,20] 3.579
[49,20] 18.655
[50,20] 42.752
[51,20] 19.963
[52,20] 41.442
[53,20] 44.07
[54,20] 66.587
[55,20] 48.599
[56,20] 42.449
[57,20] 84.199
[58,20] 38.504
[59,20] 79.746
[60,20] 32.992
[1,21] 0.845
[2,21] 83.03
[3,21] 99.52
[4,21] 24.523
[5,21] 74.647
[6,21] 91.873
[7,21] 38.381
[8,21] 58.323
[9,21] 84.078
[10,21] 62.796
[11,21] 55.218
[12,21] 85.633
[13,21] 68.602
[14,21] 57.417
[15,21] 31.962
[16,21] 40.716
[17,21] 41.795
[18,21] 99.63
[19,21] 65.521
[20,21] 5.815
[22,21] 71.708
[23,21] 23.593
[24,21] 81.099
[25,21] 7.041
[26,21] 32.169
[27,21] 86.368
[28,21] 74.719
[29,21] 84.153
[30,21] 77.961
[31,21] 49.664
[32,21] 56.974
[33,21] 46.875
[34,21] 64.405
[35,21] 60.108
[36,21] 60.961
[37,21] 27.315
[38,21] 91.535
[39,21] 10.229
[40,21] 2.615
[41,21] 68.322
[42,21] 43.298
[43,21] 13.641
[44,21] 16.568
[45,21] 81.437
[46,21] 64.251
[47,21] 96.518
[48,21] 82.432
[49,21] 74.583
[50,21] 1.306
[51,21] 80.665
[52,21] 36.355
[53,21] 19.482
[54,21] 76.867
[55,21] 14.379
[56,21] 62.284
[57,21] 82.423
[58,21] 92.506
[59,21] 47.356
[60,21] 16.645
[1,22] 77.863
[2,22] 97.47
[3,22] 4.927
[4,22] 46.867
[5,22] 14.059
[6,22] 15.2
[7,22] 62.675
[8,22] 68.869
[9,22] 12.009
[10,22] 73.617
[11,22] 27.361
[12,22] 54.294
[13,22] 4.258
[14,22] 94.842
[15,22] 94.334
[16,22] 3.599
[17,22] 7.23
[18,22] 48.406
[19,22] 13.89
[20,22] 77.067
[21,22] 64.589
[23,22] 73.695
[24,22] 17.455
[25,22] 53.589
[26,22] 15.149
[27,22] 8.09
[28,22] 89.62
[29,22] 82.013
[30,22] 36.694
[31,22] 48.873
[32,22] 89.65
[33,22] 1.311
[34,22] 13.496
[35,22] 83.115
[36,22] 73.808
[37,22] 68.091
[38,22] 41.899
[39,22] 73.235
[40,22] 57.367
[41,22] 7.327
[42,22] 47.765
[43,22] 43.488
[44,22] 23.754
[45,22] 48.587
[46,22] 20.19
[47,22] 0.444
[48,22] 4.061
[49,22] 36.126
[50,22] 76.074
[51,22] 95.034
[52,22] 61.578
[53,22] 62.258
[54,22] 86.338
[55,22] 90.319
[56,22] 29.046
[57,22] 56.945
[58,22] 56.188
[59,22] 96.359
[60,22] 27.7
[1,23] 93.958
[2,23] 29.395
[3,23] 29.046
[4,23] 32.663
[5,23] 5.662
[6,23] 87.198
[7,23] 2.868
[8,23] 96.497
[9,23] 25.844
[10,23] 68.203
[11,23] 83.347
[12,23] 2.839
[13,23] 16.995
[14,23] 14.562
[15,23] 42.791
[16,23] 32.919
[17,23] 53.254
[18,23] 70.643
[19,23] 45.805
[20,23] 23.59
[21,23] 82.973
[22,23] 89.322
[24,23] 90.861
[25,23] 69.868
[26,23] 51.723
[27,23] 49.593
[28,23] 59.152
[29,23] 47.354
[30,23] 60.88
[31,23] 31.371
[32,23] 71.608
[33,23] 39.594
[34,23] 14.652
[35,23] 8.313
[36,23] 27.044
[37,23] 37.341
[38,23] 4.083
[39,23] 9.68
[40,23] 74.435
[41,23] 80.205
[42,23] 39.077
[43,23] 70.717
[44,23] 25.285
[45,23] 50.308
[46,23] 52.857
[47,23] 90.922
[48,23] 41.574
[49,23] 96.021
[50,23] 93.946
[51,23] 53.038
[52,23] 69.99
[53,23] 41.844
[54,23] 82.346
[55,23] 12.353
[56,23] 74.824
[57,23] 46.558
[58,23] 77.054
[59,23] 48.816
[60,23] 30.867
[1,24] 43.47
[2,24] 69.967
[3,24] 81.675
[4,24] 77.536
[5,24] 83.198
[6,24] 57.41
[7,24] 0.591
[8,24] 23.488
[9,24] 87.534
[10,24] 23.704
[11,24] 8.078
[12,24] 68.913
[13,24] 43.127
[14,24] 16.026
[15,24] 93.401
[16,24] 42.961
[17,24] 10.436
[18,24] 16.863
[19,24] 59.4
[20,24] 40.079
[21,24] 70.102
[22,24] 22.719
[23,24] 22.294
[25,24] 66.788
[26,24] 15.79
[27,24] 26.151
[28,24] 79.194
[29,24] 41.923
[30,24] 57.367
[31,24] 0.05
[32,24] 59.46
[33,24] 6.82
[34,24] 30.768
[35,24] 25.385
[36,24] 13.211
[37,24] 92.323
[38,24] 29.005
[39,24] 14.332
[40,24] 24.992
[41,24] 22.146
[42,24] 21.662
[43,24] 38.722
[44,24] 51.892
[45,24] 95.104
[46,24] 78.99
[47,24] 20.179
[48,24] 99.47
[49,24] 25.302
[50,24] 7.436
[51,24] 8.365
[52,24] 12.989
[53,24] 51.01
[54,24] 6.327
[55,24] 82.982
[56,24] 2.429
[57,24] 52.641
[58,24] 72.396
[59,24] 3.983
[60,24] 97.267
[1,25] 53.651
[2,25] 64.667
[3,25] 81.349
[4,25] 12.84
[5,25] 2.253
[6,25] 33.801
[7,25] 3.02
[8,25] 35.672
[9,25] 5.376
[10,25] 35.67
[11,25] 50.358
[12,25] 4.105
[13,25] 49.98
[14,25] 39.118
[15,25] 11.119
[16,25] 74.654
[17,25] 46.934
[18,25] 87.234
[19,25] 11.063
[20,25] 83.38
[21,25] 59.965
[22,25] 37.142
[23,25] 59.131
[24,25] 57.203
[26,25] 16.651
[27,25] 27.49
[28,25] 42.722
[29,25] 2.855
[30,25] 3.336
[31,25] 79.878
[32,25] 10.579
[33,25] 92.547
[34,25] 88.392
[35,25] 98.005
[36,25] 91.739
[37,25] 37.693
[38,25] 82.899
[39,25] 2.957
[40,25] 77.949
[41,25] 62.554
[42,25] 23.591
[43,25] 92.208
[44,25] 74.485
[45,25] 47.461
[46,25] 40.239
[47,25] 76.995
[48,25] 81.791
[49,25] 98.931
[50,25] 98.921
[51,25] 91.519
[52,25] 77.827
[53,25] 96.042
[54,25] 65.174
[55,25] 47.022
[56,25] 34.26
[57,25] 72.47
[58,25] 90.747
[59,25] 91.104
[60,25] 35.05
[1,26] 52.01
[2,26] 61.715
[3,26] 77.881
[4,26] 58.877
[5,26] 0.597
[6,26] 50.168
[7,26] 4.632
[8,26] 90.233
[9,26] 5.433
[10,26] 73.28
[11,26] 80.286
[12,26] 34.727
[13,26] 32.786
[14,26] 18.509
[15,26] 38.409
[16,26] 45.045
[17,26] 64.538
[18,26] 75.628
[19,26] 21.764
[20,26] 14.309
[21,26] 47.79
[22,26] 65.106
[23,26] 78.31
[24,26] 8.959
[25,26] 78.09
[27,26] 10.603
[28,26] 49.358
[29,26] 6.246
[30,26] 17.588
[31,26] 75.726
[32,26] 91.168
[33,26] 4.845
[34,26] 27.976
[35,26] 92.377
[36,26] 86.964
[37,26] 24.887
[38,26] 78.461
[39,26] 72.27
[40,26] 83.945
[41,26] 97.634
[42,26] 19.502
[43,26] 15.43
[44,26] 29.534
[45,26] 92.968
[46,26] 69.535
[47,26] 86.477
[48,26] 1.248
[49,26] 93.964
[50,26] 67.558
[51,26] 42.771
[52,26] 13.388
[53,26] 77.163
[54,26] 95.838
[55,26] 14.57
[56,26] 17.136
[57,26] 82.767
[58,26] 41.235
[59,26] 68.887
[60,26] 51.21
[1,27] 6.362
[2,27] 44.946
[3,27] 37.15
[4,27] 75.239
[5,27] 78.682
[6,27] 18.632
[7,27] 75.026
[8,27] 51.447
[9,27] 63.432
[10,27] 12.348
[11,27] 89.255
[12,27] 82.293
[13,27] 56.934
[14,27] 29.417
[15,27] 16.028
[16,27] 63.733
[17,27] 71.71
[18,27] 10.886
[19,27] 82.486
[20,27] 25.129
[21,27] 55.066
[22,27] 31.5
[23,27] 17.631
[24,27] 66.653
[25,27] 73.376
[26,27] 96.007
[28,27] 72.687
[29,27] 1.049
[30,27] 35.918
[31,27] 9.872
[32,27] 4.862
[33,27] 68.123
[34,27] 42.542
[35,27] 37.478
[36,27] 69.13
[37,27] 83.177
[38,27] 2.202
[39,27] 51.513
[40,27] 27.921
[41,27] 62.362
[42,27] 12.857
[43,27] 34.545
[44,27] 44.074
[45,27] 69.53
[46,27] 76.553
[47,27] 67.689
[48,27] 24.123
[49,27] 6.437
[50,27] 62.641
[51,27] 93.816
[52,27] 58.917
[53,27] 28.167
[54,27] 17.309
[55,27] 15.206
[56,27] 7.036
[57,27] 90.125
[58,27] 36.594
[59,27] 17.774
[60,27] 86.933
[1,28] 4.116
[2,28] 66.252
[3,28] 34.573
[4,28] 21.34
[5,28] 96.172
[6,28] 72.885
[7,28] 64.396
[8,28] 84.764
[9,28] 45.75
[10,28] 56.724
[11,28] 76.817
[12,28] 9.773
[13,28] 9.423
[14,28] 8.358
[15,28] 66.734
[16,28] 95.438
[17,28] 51.734
[18,28] 95.544
[19,28] 51.627
[20,28] 79.413
[21,28] 14.287
[22,28] 53.119
[23,28] 28.941
[24,28] 49.76
[25,28] 53.081
[26,28] 32.395
[27,28] 8.668
[29,28] 46.381
[30,28] 14.097
[31,28] 37.001
[32,28] 12.685
[33,28] 65.246
[34,28] 7.42
[35,28] 7.157
[36,28] 28.153
[37,28] 81.168
[38,28] 60.292
[39,28] 13.069
[40,28] 8.59
[41,28] 20.262
[42,28] 73.87
[43,28] 67.734
[44,28] 2.623
[45,28] 53.739
[46,28] 5.054
[47,28] 2.975
[48,28] 22.62
[49,28] 91.237
[50,28] 55.904
[51,28] 36.445
[52,28] 86.684
[53,28] 38.957
[54,28] 17.308
[55,28] 15.256
[56,28] 34.402
[57,28] 46.094
[58,28] 37.256
[59,28] 86.749
[60,28] 48.777
[1,29] 65.698
[2,29] 53.597
[3,29] 87.462
[4,29] 60.181
[5,29] 21.593
[6,29] 15.007
[7,29] 95.893
[8,29] 28.385
[9,29] 74.839
[10,29] 38.763
[11,29] 31.567
[12,29] 87.807
[13,29] 61.351
[14,29] 72.411
[15,29] 39.735
[16,29] 62.323
[17,29] 42.758
[18,29] 60.142
[19,29] 97.739
[20,29] 2.788
[21,29] 71.689
[22,29] 58.544
[23,29] 74.984
[24,29] 93.969
[25,29] 50.455
[26,29] 44.773
[27,29] 54.159
[28,29] 86.008
[30,29] 69.76
[31,29] 99.978
[32,29] 85.39
[33,29] 48.526
[34,29] 42.492
[35,29] 79.331
[36,29] 51.915
[37,29] 98.685
[38,29] 80.255
[39,29] 58.854
[40,29] 6.3
[41,29] 37.767
[42,29] 59.316
[43,29] 39.54
[44,29] 74.359
[45,29] 16.369
[46,29] 53.39
[47,29] 76.283
[48,29] 64.609
[49,29] 39.104
[50,29] 56.099
[51,29] 64.046
[52,29] 83.14
[53,29] 35.944
[54,29] 47.99
[55,29] 57.84
[56,29] 35.351
[57,29] 46.35
[58,29] 60.894
[59,29] 4.017
[60,29] 43.856
[1,30] 9.645
[2,30] 15.776
[3,30] 47.844
[4,30] 8.085
[5,30] 95.89
[6,30] 8.177
[7,30] 34.349
[8,30] 99.282
[9,30] 16.917
[10,30] 40.369
[11,30] 29.17
[12,30] 4.949
[13,30] 1.305
[14,30] 85.665
[15,30] 15.273
[16,30] 82.717
[17,30] 71.425
[18,30] 78.707
[19,30] 88.542
[20,30] 92.762
[21,30] 17.604
[22,30] 26.926
[23,30] 33.127
[24,30] 41.02
[25,30] 94.548
[26,30] 20.013
[27,30] 57.074
[28,30] 54.863
[29,30] 46.916
[31,30] 15.799
[32,30] 60.519
[33,30] 85.98
[34,30] 10.536
[35,30] 6.617
[36,30] 25.937
[37,30] 67.615
[38,30] 43.361
[39,30] 67.57
[40,30] 91.548
[41,30] 7.728
[42,30] 24.882
[43,30] 81.062
[44,30] 5.139
[45,30] 23.622
[46,30] 79.887
[47,30] 71.175
[48,30] 3.288
[49,30] 39.06
[50,30] 5.133
[51,30] 27.725
[52,30] 75.479
[53,30] 1.65
[54,30] 53.178
[55,30] 64.796
[56,30] 69.232
[57,30] 80.684
[58,30] 90.169
[59,30] 49.879
[60,30] 49.142
[1,31] 37.088
[2,31] 17.259
[3,31] 29.894
[4,31] 95.119
[5,31] 98.687
[6,31] 15.755
[7,31] 71.808
[8,31] 13.592
[9,31] 6.959
[10,31] 68.883
[11,31] 80.96
[12,31] 71.971
[13,31] 69.176
[14,31] 95.363
[15,31] 82.529
[16,31] 61.417
[17,31] 61.921
[18,31] 90.923
[19,31] 3.531
[20,31] 95.853
[21,31] 28.578
[22,31] 6.479
[23,31] 50.468
[24,31] 45.286
[25,31] 10.788
[26,31] 9.179
[27,31] 60.628
[28,31] 5.586
[29,31] 35.59
[30,31] 80.661
[32,31] 89.641
[33,31] 16.67
[34,31] 63.128
[35,31] 64.592
[36,31] 62.157
[37,31] 66.951
[38,31] 20.454
[39,31] 20.841
[40,31] 47.436
[41,31] 50.251
[42,31] 75.238
[43,31] 89.093
[44,31] 36.6
[45,31] 40.476
[46,31] 22.66
[47,31] 60.853
[48,31] 42.156
[49,31] 45.654
[50,31] 50.137
[51,31] 51.503
[52,31] 79.388
[53,31] 82.21
[54,31] 99.63
[55,31] 80.255
[56,31] 10.295
[57,31] 90.848
[58,31] 7.202
[59,31] 1.11
[60,31] 44.124
[1,32] 72.431
[2,32] 43.637
[3,32] 83.557
[4,32] 5.579
[5,32] 6.292
[6,32] 21.513
[7,32] 31.365
[8,32] 11.33
[9,32] 47.97
[10,32] 55.2
[11,32] 84.318
[12,32] 91.477
[13,32] 24.46
[14,32] 37.593
[15,32] 69.378
[16,32] 51.1
[17,32] 42.043
[18,32] 11.494
[19,32] 64.56
[20,32] 25.155
[21,32] 59.774
[22,32] 68.278
[23,32] 24.249
[24,32] 60.673
[25,32] 11.724
[26,32] 11.942
[27,32] 19.376
[28,32] 48.302
[29,32] 66.779
[30,32] 95.864
[31,32] 70.28
[33,32] 81.346
[34,32] 36.081
[35,32] 2.765
[36,32] 98.085
[37,32] 32.57
[38,32] 36.869
[39,32] 30.519
[40,32] 7.913
[41,32] 92.584
[42,32] 53.673
[43,32] 16.774
[44,32] 41.653
[45,32] 95.349
[46,32] 66.89
[47,32] 4.603
[48,32] 40.876
[49,32] 37.588
[50,32] 52.509
[51,32] 91.946
[52,32] 8.917
[53,32] 62.035
[54,32] 14.44
[55,32] 58.208
[56,32] 90.02
[57,32] 23.019
[58,32] 51.127
[59,32] 35.356
[60,32] 1.513
[1,33] 28.165
[2,33] 71.454
[3,33] 72.546
[4,33] 0.503
[5,33] 47.757
[6,33] 57.399
[7,33] 98.416
[8,33] 34.918
[9,33] 97.35
[10,33] 14.664
[11,33] 16.126
[12,33] 10.158
[13,33] 90.961
[14,33] 25.709
[15,33] 64.99
[16,33] 19.13
[17,33] 67.162
[18,33] 62.749
[19,33] 35.071
[20,33] 55.107
[21,33] 95.635
[22,33] 23.77
[23,33] 5.359
[24,33] 57.352
[25,33] 64.121
[26,33] 1.662
[27,33] 13.23
[28,33] 51.23
[29,33] 73.557
[30,33] 68.759
[31,33] 81.496
[32,33] 49.919
[34,33] 2.202
[35,33] 62.98
[36,33] 60.107
[37,33] 31.216
[38,33] 18.228
[39,33] 88.199
[40,33] 38.304
[41,33] 59.989
[42,33] 26.953
[43,33] 38.772
[44,33] 72.563
[45,33] 28.164
[46,33] 60.566
[47,33] 27.568
[48,33] 35.572
[49,33] 88.826
[50,33] 37.613
[51,33] 94.77
[52,33] 86.061
[53,33] 20.568
[54,33] 40.802
[55,33] 46.887
[56,33] 39.942
[57,33] 51.483
[58,33] 83.386
[59,33] 22.567
[60,33] 47.818
[1,34] 1.209
[2,34] 68.315
[3,34] 79.493
[4,34] 79.156
[5,34] 93.019
[6,34] 74.015
[7,34] 81.646
[8,34] 85.1
[9,34] 82.74
[10,34] 41.414
[11,34] 23.165
[12,34] 47.994
[13,34] 84.58
[14,34] 20.813
[15,34] 55.885
[16,34] 37.663
[17,34] 66.746
[18,34] 17.147
[19,34] 67.897
[20,34] 95.441
[21,34] 60.403
[22,34] 12.806
[23,34] 82.315
[24,34] 6.525
[25,34] 84.083
[26,34] 91.784
[27,34] 48.49
[28,34] 13.583
[29,34] 48.957
[30,34] 98.828
[31,34] 4.463
[32,34] 65.331
[33,34] 70.09
[35,34] 82.927
[36,34] 84.575
[37,34] 87.537
[38,34] 97.626
[39,34] 31.18
[40,34] 61.807
[41,34] 83.836
[42,34] 44.912
[43,34] 82.258
[44,34] 25.593
[45,34] 15.176
[46,34] 69.58
[47,34] 97.666
[48,34] 56.618
[49,34] 6.761
[50,34] 60.736
[51,34] 88.006
[52,34] 72.623
[53,34] 96.323
[54,34] 94.368
[55,34] 1.134
[56,34] 50.024
[57,34] 58.3
[58,34] 73.263
[59,34] 18.331
[60,34] 51.541
[1,35] 8.611
[2,35] 99.421
[3,35] 75.607
[4,35] 16.573
[5,35] 20.815
[6,35] 17.331
[7,35] 67.023
[8,35] 98.435
[9,35] 10.051
[10,35] 64.673
[11,35] 20.451
[12,35] 43.684
[13,35] 12.303
[14,35] 74.567
[15,35] 72.034
[16,35] 61.423
[17,35] 29.251
[18,35] 39.408
[19,35] 99.172
[20,35] 68.35
[21,35] 6.431
[22,35] 19.725
[23,35] 87.347
[24,35] 93.097
[25,35] 15.072
[26,35] 26.443
[27,35] 5.345
[28,35] 38.697
[29,35] 87.062
[30,35] 56.536
[31,35] 21.224
[32,35] 59.748
[33,35] 12.084
[34,35] 73.129
[36,35] 9.243
[37,35] 37.974
[38,35] 98.373
[39,35] 14.191
[40,35] 71.791
[41,35] 21.685
[42,35] 49.781
[43,35] 77.068
[44,35] 87.584
[45,35] 83.083
[46,35] 89.62
[47,35] 69.317
[48,35] 96.279
[49,35] 4.227
[50,35] 41.494
[51,35] 7.084
[52,35] 55.947
[53,35] 74.631
[54,35] 33.202
[55,35] 48.306
[56,35] 16.103
[57,35] 79.838
[58,35] 41.539
[59,35] 46.628
[60,35] 15.524
[1,36] 51.874
[2,36] 5.555
[3,36] 38.058
[4,36] 65.398
[5,36] 37.507
[6,36] 62.026
[7,36] 82.925
[8,36] 58.32
[9,36] 31.53
[10,36] 1.779
[11,36] 99.448
[12,36] 30.127
[13,36] 1.809
[14,36] 52.732
[15,36] 49.712
[16,36] 30.781
[17,36] 17.734
[18,36] 98.226
[19,36] 9.945
[20,36] 45.601
[21,36] 41.531
[22,36] 40.178
[23,36] 98.953
[24,36] 3.215
[25,36] 84.675
[26,36] 16.458
[27,36] 56.83
[28,36] 49.296
[29,36] 56.978
[30,36] 5.978
[31,36] 86.206
[32,36] 34.982
[33,36] 10.72
[34,36] 13.586
[35,36] 85.906
[37,36] 48.949
[38,36] 94.691
[39,36] 22.01
[40,36] 17.339
[41,36] 22.426
[42,36] 33.95
[43,36] 57.603
[44,36] 96.599
[45,36] 47.497
[46,36] 96.944
[47,36] 94.602
[48,36] 40.836
[49,36] 24.124
[50,36] 44.24
[51,36] 67.89
[52,36] 76.659
[53,36] 93.153
[54,36] 49.089
[55,36] 28.84
[56,36] 28.79
[57,36] 50.819
[58,36] 83.264
[59,36] 43.574
[60,36] 42.896
[1,37] 66.193
[2,37] 62.747
[3,37] 83.267
[4,37] 17.587
[5,37] 60.899
[6,37] 89.222
[7,37] 15.879
[8,37] 76.829
[9,37] 35.649
[10,37] 30.583
[11,37] 29.363
[12,37] 67.414
[13,37] 19.043
[14,37] 3.42
[15,37] 34.01
[16,37] 64.153
[17,37] 76.074
[18,37] 80.135
[19,37] 32.229
[20,37] 5.915
[21,37] 29.778
[22,37] 3.563
[23,37] 90.615
[24,37] 20.784
[25,37] 74.652
[26,37] 46.826
[27,37] 56.199
[28,37] 74.278
[29,37] 54.119
[30,37] 86.075
[31,37] 33.508
[32,37] 68.843
[33,37] 5.643
[34,37] 92.755
[35,37] 62.055
[36,37] 74.634
[38,37] 85.779
[39,37] 52.258
[40,37] 34.259
[41,37] 2.878
[42,37] 41.362
[43,37] 46.195
[44,37] 82.433
[45,37] 85.42
[46,37] 17.936
[47,37] 43.318
[48,37] 31.874
[49,37] 30.401
[50,37] 15.083
[51,37] 29.4
[52,37] 20.675
[53,37] 18.5
[54,37] 99.031
[55,37] 73.233
[56,37] 77.668
[57,37] 97.49
[58,37] 33.079
[59,37] 8.877
[60,37] 16.002
[1,38] 96.667
[2,38] 24.733
[3,38] 54.507
[4,38] 31.891
[5,38] 47.845
[6,38] 47.911
[7,38] 31.713
[8,38] 95.994
[9,38] 88.466
[10,38] 88.679
[11,38] 10.959
[12,38] 55.89
[13,38] 45.812
[14,38] 43.598
[15,38] 21.484
[16,38] 22.286
[17,38] 25.792
[18,38] 66.931
[19,38] 67.731
[20,38] 71.551
[21,38] 3.962
[22,38] 48.346
[23,38] 69.515
[24,38] 99.25
[25,38] 98.161
[26,38] 89.854
[27,38] 19.125
[28,38] 82.341
[29,38] 58.052
[30,38] 49.691
[31,38] 63.089
[32,38] 2.795
[33,38] 88.944
[34,38] 32.126
[35,38] 55.49
[36,38] 85.643
[37,38] 45.538
[39,38] 90.981
[40,38] 48.732
[41,38] 35.537
[42,38] 18.451
[43,38] 20.937
[44,38] 20.806
[45,38] 0.388
[46,38] 46.483
[47,38] 92.611
[48,38] 86.628
[49,38] 48.909
[50,38] 5.82
[51,38] 11.674
[52,38] 7.762
[53,38] 85.393
[54,38] 84.276
[55,38] 82.562
[56,38] 88.984
[57,38] 52.789
[58,38] 44.21
[59,38] 21.609
[60,38] 23.3
[1,39] 84.673
[2,39] 45.208
[3,39] 6.267
[4,39] 32.365
[5,39] 68.104
[6,39] 43.831
[7,39] 28.36
[8,39] 0.793
[9,39] 58.494
[10,39] 10.636
[11,39] 57.283
[12,39] 33.892
[13,39] 57.942
[14,39] 66.444
[15,39] 39.324
[16,39] 13.63
[17,39] 78.29
[18,39] 52.014
[19,39] 70.606
[20,39] 18.665
[21,39] 26.568
[22,39] 54.377
[23,39] 40.613
[24,39] 56.178
[25,39] 62.461
[26,39] 53.557
[27,39] 4.462
[28,39] 85.251
[29,39] 79.707
[30,39] 91.901
[31,39] 54.309
[32,39] 99.919
[33,39] 82.548
[34,39] 53.22
[35,39] 18.319
[36,39] 9.788
[37,39] 51.634
[38,39] 98.95
[40,39] 47.068
[41,39] 27.837
[42,39] 67.607
[43,39] 9.406
[44,39] 20.472
[45,39] 59.727
[46,39] 85.505
[47,39] 88.611
[48,39] 48.484
[49,39] 79.802
[50,39] 55.334
[51,39] 88.337
[52,39] 79.978
[53,39] 82.608
[54,39] 82.435
[55,39] 91.214
[56,39] 70.051
[57,39] 15.027
[58,39] 5.54
[59,39] 10.212
[60,39] 6.561
[1,40] 17.852
[2,40] 6.512
[3,40] 44.462
[4,40] 88.741
[5,40] 39.741
[6,40] 89.561
[7,40] 76.176
[8,40] 4.634
[9,40] 22.905
[10,40] 1.574
[11,40] 10.739
[12,40] 77.498
[13,40] 89.369
[14,40] 5.294
[15,40] 27.645
[16,40] 36.163
[17,40] 10.6
[18,40] 45.91
[19,40] 4.855
[20,40] 21.981
[21,40] 43.247
[22,40] 73.421
[23,40] 85.258
[24,40] 84.625
[25,40] 89.127
[26,40] 50.112
[27,40] 25.461
[28,40] 19.787
[29,40] 96.162
[30,40] 97.582
[31,40] 35.568
[32,40] 97.896
[33,40] 55.812
[34,40] 60.946
[35,40] 43.737
[36,40] 56.402
[37,40] 81.265
[38,40] 84.277
[39,40] 69.413
[41,40] 83.187
[42,40] 37.541
[43,40] 74.696
[44,40] 17.711
[45,40] 11.678
[46,40] 45.466
[47,40] 71.813
[48,40] 7.973
[49,40] 30.392
[50,40] 17.894
[51,40] 50.366
[52,40] 68.778
[53,40] 35.459
[54,40] 24.59
[55,40] 31.11
[56,40] 95.237
[57,40] 2.683
[58,40] 90.374
[59,40] 68.733
[60,40] 70.789
[1,41] 24.528
[2,41] 53.759
[3,41] 38.221
[4,41] 69.096
[5,41] 64.252
[6,41] 81.073
[7,41] 49.132
[8,41] 96.127
[9,41] 39.143
[10,41] 34.236
[11,41] 19.123
[12,41] 44.979
[13,41] 77.209
[14,41] 36.25
[15,41] 36.256
[16,41] 85.825
[17,41] 38.398
[18,41] 52.892
[19,41] 20.143
[20,41] 45.63
[21,41] 41.962
[22,41] 82.868
[23,41] 41.834
[24,41] 48.845
[25,41] 46.032
[26,41] 61.923
[27,41] 32.466
[28,41] 82.837
[29,41] 85.167
[30,41] 17.953
[31,41] 76.871
[32,41] 24.519
[33,41] 69.035
[34,41] 2.241
[35,41] 52.442
[36,41] 63.17
[37,41] 82.36
[38,41] 24.579
[39,41] 51.445
[40,41] 55.248
[42,41] 36.199
[43,41] 7.404
[44,41] 4.965
[45,41] 36.81
[46,41] 11.668
[47,41] 9.882
[48,41] 52.921
[49,41] 86.387
[50,41] 55.159
[51,41] 12.555
[52,41] 96.013
[53,41] 83.759
[54,41] 82.771
[55,41] 74.48
[56,41] 25.537
[57,41] 98.115
[58,41] 7.107
[59,41] 0.632
[60,41] 28.508
[1,42] 27.276
[2,42] 50.707
[3,42] 49.543
[4,42] 60.682
[5,42] 26.369
[6,42] 89.298
[7,42] 90.384
[8,42] 96.999
[9,42] 43.184
[10,42] 98.644
[11,42] 6.176
[12,42] 71.497
[13,42] 1.67
[14,42] 74.055
[15,42] 90.244
[16,42] 76.53
[17,42] 75.2
[18,42] 53.96
[19,42] 17.106
[20,42] 60.892
[21,42] 81.193
[22,42] 2.533
[23,42] 78.747
[24,42] 50.217
[25,42] 74.924
[26,42] 94.982
[27,42] 95.605
[28,42] 75.493
[29,42] 87.94
[30,42] 30.029
[31,42] 36.163
[32,42] 32.141
[33,42] 73.164
[34,42] 79.637
[35,42] 72.474
[36,42] 23.424
[37,42] 4.696
[38,42] 66.916
[39,42] 15.806
[40,42] 13.934
[41,42] 56.169
[43,42] 64.901
[44,42] 96.567
[45,42] 60.995
[46,42] 87.644
[47,42] 71.949
[48,42] 77.133
[49,42] 2.732
[50,42] 99.566
[51,42] 39.642
[52,42] 55.93
[53,42] 40.718
[54,42] 56.425
[55,42] 1.574
[56,42] 6.252
[57,42] 81.027
[58,42] 70.756
[59,42] 73.995
[60,42] 33.299
[1,43] 66.668
[2,43] 16.996
[3,43] 88.28
[4,43] 52.222
[5,43] 58.292
[6,43] 59.392
[7,43] 89.658
[8,43] 91.999
[9,43] 3.758
[10,43] 23.31
[11,43] 27.3
[12,43] 74.162
[13,43] 17.281
[14,43] 69.459
[15,43] 79.471
[16,43] 81.799
[17,43] 0.045
[18,43] 92.145
[19,43] 69.681
[20,43] 5.723
[21,43] 47.43
[22,43] 77.88
[23,43] 20.965
[24,43] 23.526
[25,43] 5.07
[26,43] 69.498
[27,43] 17.847
[28,43] 79.431
[29,43] 11.668
[30,43] 69.471
[31,43] 55.836
[32,43] 56.028
[33,43] 80.798
[34,43] 24.783
[35,43] 59.733
[36,43] 97.172
[37,43] 20.694
[38,43] 37.816
[39,43] 65.354
[40,43] 8.314
[41,43] 4.8
[42,43] 29.311
[44,43] 14.444
[45,43] 59.214
[46,43] 41.948
[47,43] 71.067
[48,43] 83.284
[49,43] 72.231
[50,43] 79.807
[51,43] 71.248
[52,43] 20.556
[53,43] 51.103
[54,43] 93.351
[55,43] 17.212
[56,43] 23.439
[57,43] 25.231
[58,43] 15.201
[59,43] 51.594
[60,43] 21.012
[1,44] 59.19
[2,44] 74.885
[3,44] 65.993
[4,44] 79.362
[5,44] 27.884
[6,44] 65.019
[7,44] 58.931
[8,44] 34.958
[9,44] 24.683
[10,44] 69.79
[11,44] 8.091
[12,44] 27.489
[13,44] 85.103
[14,44] 0.776
[15,44] 57.502
[16,44] 1.026
[17,44] 52.154
[18,44] 64.583
[19,44] 64.213
[20,44] 46.512
[21,44] 8.449
[22,44] 60.533
[23,44] 73.177
[24,44] 87.166
[25,44] 42.634
[26,44] 86.585
[27,44] 17.381
[28,44] 62.24
[29,44] 83.615
[30,44] 60.877
[31,44] 14.055
[32,44] 79.797
[33,44] 28.947
[34,44] 54.964
[35,44] 55.216
[36,44] 19.693
[37,44] 60.823
[38,44] 37.713
[39,44] 90.47
[40,44] 97.245
[41,44] 60.294
[42,44] 41.598
[43,44] 16.742
[45,44] 31.361
[46,44] 94.335
[47,44] 36.666
[48,44] 35.775
[49,44] 78.171
[50,44] 32.118
[51,44] 2.766
[52,44] 1.415
[53,44] 90.743
[54,44] 38.121
[55,44] 42.094
[56,44] 64.214
[57,44] 53.463
[58,44] 82.993
[59,44] 63.125
[60,44] 23.513
[1,45] 26.97
[2,45] 42.255
[3,45] 1.295
[4,45] 89.968
[5,45] 53.584
[6,45] 52.705
[7,45] 71.911
[8,45] 25.062
[9,45] 62.627
[10,45] 50.372
[11,45] 15.794
[12,45] 7.914
[13,45] 22.299
[14,45] 2.225
[15,45] 30.176
[16,45] 45.349
[17,45] 81.726
[18,45] 99.996
[19,45] 61.438
[20,45] 82.955
[21,45] 44.699
[22,45] 68.456
[23,45] 45.851
[24,45] 84.889
[25,45] 4.702
[26,45] 64.151
[27,45] 91.049
[28,45] 30.942
[29,45] 70.136
[30,45] 22.525
[31,45] 70.859
[32,45] 84.082
[33,45] 49.498
[34,45] 3.895
[35,45] 83.105
[36,45] 7.333
[37,45] 46.434
[38,45] 1.43
[39,45] 68.153
[40,45] 14.826
[41,45] 86.463
[42,45] 47.491
[43,45] 53.677
[44,45] 99.766
[46,45] 73.891
[47,45] 47.085
[48,45] 10.775
[49,45] 99.189
[50,45] 80.398
[51,45] 89.592
[52,45] 5.72
[53,45] 64.833
[54,45] 8.241
[55,45] 79.702
[56,45] 98.817
[57,45] 99.576
[58,45] 51.656
[59,45] 92.778
[60,45] 41.594
[1,46] 25.534
[2,46] 98.517
[3,46] 22.855
[4,46] 60.714
[5,46] 23.225
[6,46] 13.983
[7,46] 95.999
[8,46] 69.103
[9,46] 62.485
[10,46] 88.187
[11,46] 43.354
[12,46] 13.104
[13,46] 97.632
[14,46] 81.742
[15,46] 15.569
[16,46] 18.716
[17,46] 32.265
[18,46] 28.606
[19,46] 76.197
[20,46] 41.202
[21,46] 66.108
[22,46] 33.813
[23,46] 62.078
[24,46] 78.352
[25,46] 78.692
[26,46] 59.161
[27,46] 92.633
[28,46] 7.619
[29,46] 30.53
[30,46] 60.932
[31,46] 38.808
[32,46] 32.094
[33,46] 79.605
[34,46] 90.121
[35,46] 21.857
[36,46] 92.238
[37,46] 1.145
[38,46] 76.336
[39,46] 78.782
[40,46] 80.664
[41,46] 83.699
[42,46] 88.104
[43,46] 7.284
[44,46] 11.067
[45,46] 82.647
[47,46] 81.408
[48,46] 72.145
[49,46] 56.202
[50,46] 35.065
[51,46] 4.97
[52,46] 4.854
[53,46] 99.181
[54,46] 40.96
[55,46] 64.355
[56,46] 19.481
[57,46] 13.847
[58,46] 18.083
[59,46] 67.894
[60,46] 85.563
[1,47] 68.033
[2,47] 91.932
[3,47] 22.011
[4,47] 73.79
[5,47] 38.923
[6,47] 36.965
[7,47] 54.014
[8,47] 66.985
[9,47] 0.041
[10,47] 15.434
[11,47] 16.668
[12,47] 52.382
[13,47] 65.68
[14,47] 27.632
[15,47] 24.804
[16,47] 31.081
[17,47] 10.238
[18,47] 92.699
[19,47] 11.561
[20,47] 17.117
[21,47] 96.122
[22,47] 51.464
[23,47] 93.477
[24,47] 0.438
[25,47] 54.145
[26,47] 53.898
[27,47] 10.532
[28,47] 17.038
[29,47] 0.37
[30,47] 6.67
[31,47] 82.161
[32,47] 70.677
[33,47] 62.188
[34,47] 21.164
[35,47] 67.02
[36,47] 68.195
[37,47] 51.59
[38,47] 68.506
[39,47] 91.523
[40,47] 66.283
[41,47] 11.968
[42,47] 33.107
[43,47] 96.087
[44,47] 37.869
[45,47] 81.521
[46,47] 0.376
[48,47] 35.111
[49,47] 11.184
[50,47] 40.623
[51,47] 73.261
[52,47] 65.828
[53,47] 9.53
[54,47] 56.095
[55,47] 87.496
[56,47] 78.847
[57,47] 13.161
[58,47] 30.079
[59,47] 93.251
[60,47] 2.262
[1,48] 48.96
[2,48] 17.92
[3,48] 72.418
[4,48] 3.506
[5,48] 66.352
[6,48] 82.59
[7,48] 17.799
[8,48] 9.839
[9,48] 89.532
[10,48] 98.427
[11,48] 39.03
[12,48] 12.209
[13,48] 22.199
[14,48] 6.647
[15,48] 23.164
[16,48] 28.399
[17,48] 35.054
[18,48] 70.594
[19,48] 43.15
[20,48] 74.758
[21,48] 95.555
[22,48] 74.348
[23,48] 6.606
[24,48] 75.244
[25,48] 36.703
[26,48] 50.623
[27,48] 99.699
[28,48] 11.539
[29,48] 41.15
[30,48] 27.659
[31,48] 40.858
[32,48] 42.472
[33,48] 91.731
[34,48] 76.564
[35,48] 98.622
[36,48] 54.053
[37,48] 91.787
[38,48] 12.838
[39,48] 60.79
[40,48] 72.952
[41,48] 11.239
[42,48] 5.801
[43,48] 25.941
[44,48] 15.072
[45,48] 12.384
[46,48] 80.39
[47,48] 6.128
[49,48] 22.886
[50,48] 21.462
[51,48] 43.961
[52,48] 50.37
[53,48] 32.567
[54,48] 9.626
[55,48] 21.624
[56,48] 99.28
[57,48] 49.718
[58,48] 91.563
[59,48] 46.64
[60,48] 4.336
[1,49] 8.743
[2,49] 96.057
[3,49] 39.295
[4,49] 73.246
[5,49] 99.449
[6,49] 70.022
[7,49] 35.5
[8,49] 79.299
[9,49] 16.05
[10,49] 2.584
[11,49] 45.133
[12,49] 9.473
[13,49] 14.824
[14,49] 0.94
[15,49] 46.98
[16,49] 59.939
[17,49] 7.534
[18,49] 37.728
[19,49] 71.285
[20,49] 61.475
[21,49] 53.907
[22,49] 73.29
[23,49] 53.607
[24,49] 5.134
[25,49] 80.57
[26,49] 48.956
[27,49] 89.9
[28,49] 16.335
[29,49] 91.712
[30,49] 96.268
[31,49] 90.56
[32,49] 53.398
[33,49] 59.95
[34,49] 60.781
[35,49] 20.79
[36,49] 89.95
[37,49] 82.11
[38,49] 32.633
[39,49] 22.213
[40,49] 36.582
[41,49] 87.302
[42,49] 39.196
[43,49] 33.546
[44,49] 15.721
[45,49] 48.594
[46,49] 60.931
[47,49] 61.36
[48,49] 83.93
[50,49] 37.213
[51,49] 62.679
[52,49] 10.898
[53,49] 58.192
[54,49] 44.776
[55,49] 94.999
[56,49] 56.115
[57,49] 63.598
[58,49] 50.885
[59,49] 89.852
[60,49] 55.41
[1,50] 49.004
[2,50] 75.503
[3,50] 47.445
[4,50] 87.814
[5,50] 69.113
[6,50] 81.649
[7,50] 70.716
[8,50] 12.069
[9,50] 7.02
[10,50] 41.725
[11,50] 55.505
[12,50] 5.242
[13,50] 44.432
[14,50] 29.697
[15,50] 86.782
[16,50] 63.259
[17,50] 40.238
[18,50] 82.57
[19,50] 87.793
[20,50] 16.958
[21,50] 15.127
[22,50] 24.221
[23,50] 64.782
[24,50] 95.212
[25,50] 8.34
[26,50] 26.868
[27,50] 60.511
[28,50] 40.362
[29,50] 41.088
[30,50] 98.661
[31,50] 2.344
[32,50] 54.955
[33,50] 83.171
[34,50] 74.647
[35,50] 14.741
[36,50] 35.127
[37,50] 60.263
[38,50] 46.234
[39,50] 39.255
[40,50] 76.187
[41,50] 51.36
[42,50] 34.496
[43,50] 82.049
[44,50] 5.63
[45,50] 85.22
[46,50] 9.075
[47,50] 3.202
[48,50] 22.693
[49,50] 7.837
[51,50] 72.365
[52,50] 69.651
[53,50] 1.473
[54,50] 29.874
[55,50] 12.362
[56,50] 52.443
[57,50] 52.555
[58,50] 41.861
[59,50] 11.253
[60,50] 52.522
[1,51] 89.578
[2,51] 85.465
[3,51] 72.434
[4,51] 48.583
[5,51] 77.656
[6,51] 0.317
[7,51] 7.023
[8,51] 83.125
[9,51] 53.026
[10,51] 64.044
[11,51] 62.157
[12,51] 47.208
[13,51] 27.416
[14,51] 30.685
[15,51] 45.947
[16,51] 13.91
[17,51] 81.201
[18,51] 13.458
[19,51] 22.762
[20,51] 49.844
[21,51] 22.991
[22,51] 95.202
[23,51] 46.18
[24,51] 56.841
[25,51] 27.426
[26,51] 75.738
[27,51] 3.694
[28,51] 26.016
[29,51] 45.26
[30,51] 64.05
[31,51] 28.083
[32,51] 13.768
[33,51] 50.701
[34,51] 87.257
[35,51] 34.512
[36,51] 32.11
[37,51] 75.245
[38,51] 2.727
[39,51] 94.631
[40,51] 69.124
[41,51] 35.981
[42,51] 20.025
[43,51] 29.075
[44,51] 58.488
[45,51] 46.153
[46,51] 18.986
[47,51] 76.756
[48,51] 49.259
[49,51] 31.254
[50,51] 18.168
[52,51] 87.692
[53,51] 17.253
[54,51] 11.553
[55,51] 33.454
[56,51] 65.206
[57,51] 73.155
[58,51] 79.199
[59,51] 57.732
[60,51] 26.269
[1,52] 23.187
[2,52] 7.38
[3,52] 47.721
[4,52] 13.331
[5,52] 19.514
[6,52] 38.722
[7,52] 65.351
[8,52] 87.064
[9,52] 3.765
[10,52] 86.405
[11,52] 86.971
[12,52] 78.929
[13,52] 13.87
[14,52] 41.84
[15,52] 49.818
[16,52] 47.929
[17,52] 87.918
[18,52] 38.543
[19,52] 19.215
[20,52] 12.882
[21,52] 73.621
[22,52] 94.746
[23,52] 8.218
[24,52] 56.945
[25,52] 52.908
[26,52] 55.849
[27,52] 11.5
[28,52] 48.676
[29,52] 94.791
[30,52] 72.691
[31,52] 44.106
[32,52] 57.847
[33,52] 35.841
[34,52] 49.144
[35,52] 16.896
[36,52] 39.007
[37,52] 9.005
[38,52] 95.3
[39,52] 76.774
[40,52] 95.819
[41,52] 75.516
[42,52] 28.997
[43,52] 54.979
[44,52] 73.611
[45,52] 93.448
[46,52] 48.276
[47,52] 85.986
[48,52] 99.097
[49,52] 11.671
[50,52] 38.605
[51,52] 63.678
[53,52] 59.506
[54,52] 9.464
[55,52] 6.062
[56,52] 74.407
[57,52] 69.117
[58,52] 40.746
[59,52] 86.824
[60,52] 36.422
[1,53] 15.497
[2,53] 83.966
[3,53] 6.7
[4,53] 42.203
[5,53] 70.61
[6,53] 26.731
[7,53] 60.685
[8,53] 37.714
[9,53] 73.356
[10,53] 27.542
[11,53] 2.024
[12,53] 66.473
[13,53] 0.861
[14,53] 96.638
[15,53] 50.7
[16,53] 46.934
[17,53] 10.103
[18,53] 19.554
[19,53] 46.919
[20,53] 35.214
[21,53] 48.747
[22,53] 62.6
[23,53] 7.521
[24,53] 59.827
[25,53] 48.004
[26,53] 81.935
[27,53] 30.228
[28,53] 47.334
[29,53] 88.211
[30,53] 89.063
[31,53] 12.389
[32,53] 71.226
[33,53] 1.996
[34,53] 15.965
[35,53] 28.454
[36,53] 68.39
[37,53] 27.038
[38,53] 35.822
[39,53] 87.208
[40,53] 33.483
[41,53] 60.046
[42,53] 2.156
[43,53] 97.607
[44,53] 21.126
[45,53] 64.353
[46,53] 92.283
[47,53] 38.329
[48,53] 84.004
[49,53] 47.659
[50,53] 98.739
[51,53] 15.315
[52,53] 39.386
[54,53] 59.746
[55,53] 96.866
[56,53] 39.988
[57,53] 9.815
[58,53] 21.012
[59,53] 89.875
[60,53] 31.606
[1,54] 99.685
[2,54] 74.267
[3,54] 9.216
[4,54] 61.775
[5,54] 47.864
[6,54] 91.141
[7,54] 91.301
[8,54] 18.232
[9,54] 9.562
[10,54] 56.618
[11,54] 17.689
[12,54] 44.467
[13,54] 60.304
[14,54] 42.636
[15,54] 60.276
[16,54] 67.658
[17,54] 84.904
[18,54] 59.556
[19,54] 96.912
[20,54] 51.154
[21,54] 3.059
[22,54] 9.06
[23,54] 25.73
[24,54] 55.715
[25,54] 53.769
[26,54] 55.319
[27,54] 74.388
[28,54] 8.819
[29,54] 27.043
[30,54] 46.071
[31,54] 19.947
[32,54] 26.446
[33,54] 99.723
[34,54] 30.014
[35,54] 62.517
[36,54] 62.347
[37,54] 99.798
[38,54] 18.087
[39,54] 14.798
[40,54] 34.789
[41,54] 84.185
[42,54] 89.833
[43,54] 40.963
[44,54] 15.683
[45,54] 74.697
[46,54] 87.674
[47,54] 21.826
[48,54] 62.975
[49,54] 83.245
[50,54] 91.006
[51,54] 1.626
[52,54] 7.129
[53,54] 57.222
[55,54] 39.832
[56,54] 36.951
[57,54] 46.336
[58,54] 40.564
[59,54] 39.614
[60,54] 41.872
[1,55] 85.278
[2,55] 3.223
[3,55] 23.141
[4,55] 15.923
[5,55] 58.824
[6,55] 13.92
[7,55] 66.323
[8,55] 94.73
[9,55] 82.858
[10,55] 7.045
[11,55] 72.22
[12,55] 43.196
[13,55] 3.696
[14,55] 52.026
[15,55] 19.832
[16,55] 10.035
[17,55] 30.101
[18,55] 36.334
[19,55] 49.156
[20,55] 99.688
[21,55] 35.722
[22,55] 21.718
[23,55] 50.889
[24,55] 2.473
[25,55] 20.621
[26,55] 83.999
[27,55] 49.255
[28,55] 9.642
[29,55] 48.269
[30,55] 7.268
[31,55] 51.547
[32,55] 99.762
[33,55] 35.145
[34,55] 76.077
[35,55] 25.435
[36,55] 27.029
[37,55] 74.805
[38,55] 78.483
[39,55] 6.608
[40,55] 13.751
[41,55] 53.515
[42,55] 65.149
[43,55] 22.852
[44,55] 92.186
[45,55] 35.203
[46,55] 42.607
[47,55] 27.27
[48,55] 26.798
[49,55] 63.924
[50,55] 73.987
[51,55] 43.374
[52,55] 87.018
[53,55] 99.701
[54,55] 64.364
[56,55] 60.005
[57,55] 87.378
[58,55] 34.125
[59,55] 17.845
[60,55] 61.474
[1,56] 23.019
[2,56] 62.931
[3,56] 6.632
[4,56] 58.795
[5,56] 17.692
[6,56] 9.512
[7,56] 45.021
[8,56] 43.317
[9,56] 89.432
[10,56] 62.77
[11,56] 39.892
[12,56] 3.962
[13,56] 74.676
[14,56] 90.831
[15,56] 7.106
[16,56] 54.637
[17,56] 79.809
[18,56] 92.527
[19,56] 66.08
[20,56] 13.12
[21,56] 67.495
[22,56] 68.81
[23,56] 15.26
[24,56] 4.817
[25,56] 59.637
[26,56] 6.26
[27,56] 12.727
[28,56] 27.775
[29,56] 29.248
[30,56] 87.103
[31,56] 91.488
[32,56] 26.412
[33,56] 77.271
[34,56] 63.897
[35,56] 21.354
[36,56] 65.729
[37,56] 4.653
[38,56] 33.949
[39,56] 45.435
[40,56] 7.43
[41,56] 15.94
[42,56] 10.035
[43,56] 90.464
[44,56] 87.351
[45,56] 62.864
[46,56] 29.399
[47,56] 24.128
[48,56] 46.247
[49,56] 59.393
[50,56] 62.88
[51,56] 20.348
[52,56] 29.314
[53,56] 80.059
[54,56] 37.343
[55,56] 90.342
[57,56] 8.994
[58,56] 54.42
[59,56] 64.415
[60,56] 55.5
[1,57] 62.825
[2,57] 76.974
[3,57] 45.63
[4,57] 40.866
[5,57] 17.844
[6,57] 13.087
[7,57] 83.357
[8,57] 88.92
[9,57] 76.076
[10,57] 99.908
[11,57] 99.072
[12,57] 25.512
[13,57] 18.657
[14,57] 58.407
[15,57] 8.989
[16,57] 3.46
[17,57] 3.075
[18,57] 10.957
[19,57] 24.969
[20,57] 80.316
[21,57] 72.496
[22,57] 17.508
[23,57] 63.872
[24,57] 36.844
[25,57] 18.269
[26,57] 21.69
[27,57] 83.304
[28,57] 0.038
[29,57] 61.287
[30,57] 6.902
[31,57] 61.34
[32,57] 70.393
[33,57] 58.176
[34,57] 50.329
[35,57] 85.702
[36,57] 86.041
[37,57] 94.172
[38,57] 39.167
[39,57] 77.062
[40,57] 50.057
[41,57] 76.932
[42,57] 40.186
[43,57] 17.872
[44,57] 3.014
[45,57] 65.695
[46,57] 34.261
[47,57] 52.173
[48,57] 1.049
[49,57] 80.053
[50,57] 36.275
[51,57] 5.436
[52,57] 15.924
[53,57] 75.557
[54,57] 81.302
[55,57] 39.269
[56,57] 49.445
[58,57] 74.549
[59,57] 90.007
[60,57] 40.575
[1,58] 73.852
[2,58] 97.82
[3,58] 5.247
[4,58] 29.838
[5,58] 86.448
[6,58] 3.165
[7,58] 70.525
[8,58] 34.03
[9,58] 6.177
[10,58] 49.288
[11,58] 30.893
[12,58] 42.563
[13,58] 79.458
[14,58] 55.656
[15,58] 9.282
[16,58] 6.564
[17,58] 21.572
[18,58] 49.388
[19,58] 29.33
[20,58] 84.895
[21,58] 37.366
[22,58] 85.249
[23,58] 83.371
[24,58] 41.321
[25,58] 81.799
[26,58] 63.56
[27,58] 44.177
[28,58] 71.474
[29,58] 46.835
[30,58] 62.578
[31,58] 27.573
[32,58] 62.095
[33,58] 47.38
[34,58] 57.386
[35,58] 17.593
[36,58] 28.072
[37,58] 66.156
[38,58] 92.724
[39,58] 13.333
[40,58] 42.139
[41,58] 4.673
[42,58] 90.031
[43,58] 95.133
[44,58] 39.447
[45,58] 59.194
[46,58] 61.421
[47,58] 67.849
[48,58] 66.189
[49,58] 54.906
[50,58] 2.732
[51,58] 87.415
[52,58] 9.779
[53,58] 73.785
[54,58] 7.341
[55,58] 9.431
[56,58] 17.711
[57,58] 32.058
[59,58] 5.976
[60,58] 16.682
[1,59] 18.726
[2,59] 98.063
[3,59] 63.689
[4,59] 61.906
[5,59] 21.931
[6,59] 45.177
[7,59] 80.593
[8,59] 57.757
[9,59] 78.196
[10,59] 71.17
[11,59] 63.321
[12,59] 66.548
[13,59] 34.775
[14,59] 58.033
[15,59] 71.629
[16,59] 79.668
[17,59] 14.592
[18,59] 87.694
[19,59] 98.23
[20,59] 37.051
[21,59] 67.982
[22,59] 80.786
[23,59] 43.723
[24,59] 25.405
[25,59] 45.871
[26,59] 69.828
[27,59] 98.254
[28,59] 33.836
[29,59] 82.685
[30,59] 47.907
[31,59] 66.173
[32,59] 91.582
[33,59] 68.748
[34,59] 12.564
[35,59] 58.52
[36,59] 11.549
[37,59] 7.216
[38,59] 65.802
[39,59] 61.416
[40,59] 26.06
[41,59] 76.218
[42,59] 41.83
[43,59] 27.507
[44,59] 75.107
[45,59] 50.174
[46,59] 77.06
[47,59] 87.557
[48,59] 56.428
[49,59] 59.461
[50,59] 39.225
[51,59] 55.615
[52,59] 12.864
[53,59] 13.439
[54,59] 19.093
[55,59] 8.668
[56,59] 77.666
[57,59] 29.391
[58,59] 40.989
[60,59] 40.588
[1,60] 93.43
[2,60] 64.148
[3,60] 32.463
[4,60] 31.995
[5,60] 76.59
[6,60] 41.672
[7,60] 10.005
[8,60] 79.048
[9,60] 90.569
[10,60] 62.007
[11,60] 26.375
[12,60] 82.748
[13,60] 83.037
[14,60] 63.41
[15,60] 56.289
[16,60] 49.73
[17,60] 72.125
[18,60] 83.923
[19,60] 20.819
[20,60] 2.383
[21,60] 89.351
[22,60] 64.637
[23,60] 74.945
[24,60] 8.713
[25,60] 64.415
[26,60] 1.736
[27,60] 97.811
[28,60] 77.304
[29,60] 44.01
[30,60] 57.715
[31,60] 61.785
[32,60] 59.271
[33,60] 41.989
[34,60] 45.038
[35,60] 25.342
[36,60] 4.746
[37,60] 67.881
[38,60] 15.615
[39,60] 67.071
[40,60] 13.66
[41,60] 89.613
[42,60] 65.794
[43,60] 5.097
[44,60] 65.096
[45,60] 61.746
[46,60] 43.56
[47,60] 12.093
[48,60] 32.013
[49,60] 99.497
[50,60] 94.208
[51,60] 71.06
[52,60] 15.54
[53,60] 73.192
[54,60] 66.189
[55,60] 40.353
[56,60] 62.955
[57,60] 66.095
[58,60] 56.403
[59,60] 64.411
;
