# SOLUCION
1 34
34 41
41 37
37 59
59 19
19 31
31 24
24 55
55 42
42 53
53 9
9 14
14 49
49 35
35 32
32 16
16 18
18 5
5 26
26 60
60 48
48 4
4 33
33 22
22 2
2 15
15 56
56 6
6 58
58 8
8 39
39 10
10 36
36 11
11 7
7 12
12 23
23 52
52 44
44 28
28 57
57 40
40 3
3 45
45 38
38 51
51 46
46 47
47 50
50 21
21 54
54 13
13 30
30 25
25 43
43 20
20 29
29 27
27 17
17 1
# METRICAS
solve_time 161.016000
obj 150.088000
bestbound 150.088000
gap 0.000000
