# GRAFO
2 23 3.000000
6 39 8.000000
7 26 12.000000
7 32 8.000000
11 40 12.000000
18 34 6.000000
18 35 11.000000
19 26 11.000000
22 30 12.000000
22 47 6.000000
25 32 7.000000
28 30 11.000000
40 47 5.000000
1 2 5.000000
2 3 4.000000
3 4 9.000000
4 5 3.000000
5 6 5.000000
6 7 9.000000
7 8 4.000000
8 9 11.000000
9 10 7.000000
10 11 3.000000
11 12 12.000000
12 13 11.000000
13 14 11.000000
14 15 9.000000
15 16 4.000000
16 17 10.000000
17 18 9.000000
18 19 8.000000
19 20 9.000000
20 21 12.000000
21 22 4.000000
22 23 4.000000
23 24 7.000000
24 25 9.000000
25 26 12.000000
26 27 11.000000
27 28 9.000000
28 29 8.000000
29 30 6.000000
30 31 5.000000
31 32 5.000000
32 33 12.000000
33 34 4.000000
34 35 5.000000
35 36 3.000000
36 37 3.000000
37 38 3.000000
38 39 6.000000
39 40 5.000000
40 41 4.000000
41 42 9.000000
42 43 4.000000
43 44 4.000000
44 45 9.000000
45 46 12.000000
46 47 6.000000
47 48 6.000000
48 49 10.000000
49 50 11.000000
# REQUERIDOS
1
15
16
32
