# GRAFO
1 7 10.000000
1 11 6.000000
2 4 12.000000
2 12 11.000000
2 14 8.000000
2 15 5.000000
3 4 6.000000
3 8 11.000000
3 14 11.000000
4 5 6.000000
4 6 6.000000
4 10 8.000000
4 17 7.000000
5 11 3.000000
6 7 10.000000
6 8 9.000000
6 13 7.000000
6 16 8.000000
7 8 5.000000
7 14 10.000000
7 16 12.000000
8 12 7.000000
8 16 9.000000
9 10 6.000000
9 15 11.000000
10 11 5.000000
10 18 12.000000
11 18 9.000000
12 17 4.000000
15 18 11.000000
16 17 8.000000
1 2 6.000000
2 3 8.000000
5 6 4.000000
8 9 4.000000
11 12 10.000000
12 13 10.000000
13 14 7.000000
14 15 11.000000
15 16 9.000000
17 18 5.000000
# REQUERIDOS
1
3
4
8
10
13
15
16
18
