set CITIES := 1 2 3 4 5 6 7 8 9 10 11 12 13 14 15 16 17 18 19 20 21 22 23 24 25 26 27 28 29 30 31 32 33 34 35 36 37 38 39 40 41 42 43 44 45 46 47 48 49 50 51 52 53 54 55 56 57 58 59 60 61 62 63 64 65 66 67 68 69 70 71 72 73 74 75 76 77 78 79 80 ;

param COST :=
[2,1] 81.646
[3,1] 87.188
[4,1] 29.579
[5,1] 12.625
[6,1] 30.493
[7,1] 62.453
[8,1] 95.01
[9,1] 35.904
[10,1] 36.133
[11,1] 57.297
[12,1] 69.066
[13,1] 93.171
[14,1] 33.376
[15,1] 77.973
[16,1] 42.343
[17,1] 44.614
[18,1] 91.745
[19,1] 1.145
[20,1] 37.11
[21,1] 57.265
[22,1] 58.49
[23,1] 52.191
[24,1] 1.619
[25,1] 5.317
[26,1] 20.889
[27,1] 10.907
[28,1] 40.915
[29,1] 93.654
[30,1] 89.57
[31,1] 34.149
[32,1] 84.867
[33,1] 17.022
[34,1] 53.622
[35,1] 2.774
[36,1] 81.488
[37,1] 37.01
[38,1] 55.46
[39,1] 60.31
[40,1] 15.214
[41,1] 73.203
[42,1] 55.224
[43,1] 95.682
[44,1] 32.933
[45,1] 17.154
[46,1] 98.536
[47,1] 54.87
[48,1] 52.648
[49,1] 7.261
[50,1] 65.001
[51,1] 26.101
[52,1] 3.237
[53,1] 93.141
[54,1] 82.393
[55,1] 24.58
[56,1] 15.426
[57,1] 17.864
[58,1] 61.554
[59,1] 67.633
[60,1] 2.356
[61,1] 11.586
[62,1] 93.423
[63,1] 90.856
[64,1] 42.109
[65,1] 97.651
[66,1] 11.176
[67,1] 91.211
[68,1] 36.627
[69,1] 38.129
[70,1] 95.816
[71,1] 45.514
[72,1] 35.622
[73,1] 43.657
[74,1] 72.745
[75,1] 80.071
[76,1] 18.831
[77,1] 37.198
[78,1] 7.511
[79,1] 27.278
[80,1] 80.966
[1,2] 6.257
[3,2] 73.49
[4,2] 44.401
[5,2] 0.152
[6,2] 87.287
[7,2] 90.432
[8,2] 53.147
[9,2] 64.172
[10,2] 37.79
[11,2] 64.22
[12,2] 50.203
[13,2] 4.414
[14,2] 47.687
[15,2] 62.124
[16,2] 0.193
[17,2] 92.643
[18,2] 57.361
[19,2] 39.843
[20,2] 7.573
[21,2] 73.1
[22,2] 42.323
[23,2] 30.91
[24,2] 1.439
[25,2] 11.22
[26,2] 12.569
[27,2] 41.088
[28,2] 33.841
[29,2] 89.103
[30,2] 81.935
[31,2] 86.576
[32,2] 68.302
[33,2] 23.49
[34,2] 13.203
[35,2] 65.055
[36,2] 40.35
[37,2] 79.637
[38,2] 39.794
[39,2] 97.654
[40,2] 11.443
[41,2] 0.391
[42,2] 98.595
[43,2] 3.603
[44,2] 45.315
[45,2] 33.952
[46,2] 9.112
[47,2] 56.132
[48,2] 45.225
[49,2] 15.154
[50,2] 25.586
[51,2] 72.886
[52,2] 48.555
[53,2] 72.801
[54,2] 90.578
[55,2] 18.676
[56,2] 92.446
[57,2] 82.381
[58,2] 83.923
[59,2] 43.503
[60,2] 61.288
[61,2] 58.299
[62,2] 61.66
[63,2] 39.078
[64,2] 65.243
[65,2] 68.99
[66,2] 97.422
[67,2] 96.253
[68,2] 6.496
[69,2] 62.602
[70,2] 95.387
[71,2] 58.466
[72,2] 98.483
[73,2] 62.378
[74,2] 80.702
[75,2] 2.45
[76,2] 93.424
[77,2] 15.292
[78,2] 80.541
[79,2] 66.616
[80,2] 23.724
[1,3] 29.474
[2,3] 29.035
[4,3] 69.844
[5,3] 6.573
[6,3] 62.87
[7,3] 23.322
[8,3] 90.976
[9,3] 72.737
[10,3] 84.55
[11,3] 78.998
[12,3] 30.38
[13,3] 82.199
[14,3] 6.956
[15,3] 8.974
[16,3] 13.179
[17,3] 36.469
[18,3] 68.832
[19,3] 32.802
[20,3] 43.366
[21,3] 64.111
[22,3] 74.138
[23,3] 47.858
[24,3] 79.39
[25,3] 82.044
[26,3] 58.83
[27,3] 57.319
[28,3] 63.372
[29,3] 69.741
[30,3] 43.35
[31,3] 48.712
[32,3] 89.311
[33,3] 93.066
[34,3] 22.405
[35,3] 45.77
[36,3] 40.115
[37,3] 48.687
[38,3] 99.567
[39,3] 62.699
[40,3] 64.349
[41,3] 79.98
[42,3] 54.978
[43,3] 94.273
[44,3] 7.479
[45,3] 51.626
[46,3] 70.729
[47,3] 62.67
[48,3] 76.529
[49,3] 36.645
[50,3] 49.765
[51,3] 73.711
[52,3] 93.032
[53,3] 42.863
[54,3] 60.432
[55,3] 89.261
[56,3] 29.293
[57,3] 67.208
[58,3] 62.807
[59,3] 33.448
[60,3] 55.748
[61,3] 69.725
[62,3] 11.396
[63,3] 66.847
[64,3] 46.378
[65,3] 56.275
[66,3] 26.176
[67,3] 83.402
[68,3] 11.507
[69,3] 28.757
[70,3] 88.461
[71,3] 60.791
[72,3] 6.736
[73,3] 61.43
[74,3] 91.27
[75,3] 50.91
[76,3] 20.074
[77,3] 99.874
[78,3] 51.726
[79,3] 9.734
[80,3] 96.796
[1,4] 79.418
[2,4] 58.788
[3,4] 14.015
[5,4] 12.124
[6,4] 69.255
[7,4] 1.29
[8,4] 31.132
[9,4] 84.679
[10,4] 37.519
[11,4] 16.068
[12,4] 39.465
[13,4] 27.74
[14,4] 46.932
[15,4] 69.198
[16,4] 81.79
[17,4] 68.292
[18,4] 16.62
[19,4] 72.68
[20,4] 26.471
[21,4] 20.801
[22,4] 32.775
[23,4] 39.483
[24,4] 8.81
[25,4] 32.931
[26,4] 25.547
[27,4] 99.658
[28,4] 93.614
[29,4] 11.195
[30,4] 40.684
[31,4] 9.492
[32,4] 58.64
[33,4] 55.476
[34,4] 85.932
[35,4] 66.151
[36,4] 56.238
[37,4] 3.461
[38,4] 50.436
[39,4] 31.904
[40,4] 53.943
[41,4] 76.258
[42,4] 47.822
[43,4] 76.809
[44,4] 0.668
[45,4] 39.961
[46,4] 60.141
[47,4] 19.335
[48,4] 69.094
[49,4] 66.159
[50,4] 29.651
[51,4] 6.382
[52,4] 56.215
[53,4] 45.71
[54,4] 58.098
[55,4] 27.416
[56,4] 16.725
[57,4] 68.87
[58,4] 92.399
[59,4] 79.479
[60,4] 66.758
[61,4] 13.649
[62,4] 64.133
[63,4] 18.579
[64,4] 21.457
[65,4] 48.709
[66,4] 7.107
[67,4] 77.238
[68,4] 59.559
[69,4] 81.014
[70,4] 75.973
[71,4] 76.948
[72,4] 26.016
[73,4] 14.931
[74,4] 2.978
[75,4] 94.376
[76,4] 81.677
[77,4] 27.25
[78,4] 26.668
[79,4] 93.328
[80,4] 17.084
[1,5] 44.473
[2,5] 6.168
[3,5] 7.568
[4,5] 22.619
[6,5] 39.147
[7,5] 66.44
[8,5] 45.877
[9,5] 76.247
[10,5] 78.875
[11,5] 58.152
[12,5] 70.29
[13,5] 4.079
[14,5] 29.135
[15,5] 41.555
[16,5] 25.175
[17,5] 30.467
[18,5] 0.627
[19,5] 47.269
[20,5] 64.31
[21,5] 43.86
[22,5] 86.988
[23,5] 40.477
[24,5] 80.818
[25,5] 58.644
[26,5] 70.86
[27,5] 52.818
[28,5] 97.636
[29,5] 80.656
[30,5] 62.025
[31,5] 4.881
[32,5] 88.051
[33,5] 72.92
[34,5] 32.065
[35,5] 70.042
[36,5] 38.129
[37,5] 68.841
[38,5] 20.157
[39,5] 99.195
[40,5] 6.299
[41,5] 12.33
[42,5] 28.199
[43,5] 17.402
[44,5] 65.515
[45,5] 31.731
[46,5] 21.333
[47,5] 14.112
[48,5] 65.097
[49,5] 70.274
[50,5] 62.396
[51,5] 22.541
[52,5] 25.789
[53,5] 34.668
[54,5] 85.113
[55,5] 93.403
[56,5] 42.94
[57,5] 37.527
[58,5] 81.935
[59,5] 23.651
[60,5] 78.444
[61,5] 3.209
[62,5] 93.587
[63,5] 39.814
[64,5] 26.339
[65,5] 19.497
[66,5] 54.096
[67,5] 50.381
[68,5] 94.338
[69,5] 25.187
[70,5] 3.991
[71,5] 55.063
[72,5] 68.751
[73,5] 79.175
[74,5] 18.359
[75,5] 3.931
[76,5] 89.05
[77,5] 21.689
[78,5] 0.005
[79,5] 70.741
[80,5] 72.336
[1,6] 89.803
[2,6] 14.418
[3,6] 22.67
[4,6] 95.218
[5,6] 48.054
[7,6] 41.087
[8,6] 42.958
[9,6] 71.426
[10,6] 17.97
[11,6] 53.463
[12,6] 11.017
[13,6] 41.369
[14,6] 98.128
[15,6] 74.424
[16,6] 86.34
[17,6] 18.174
[18,6] 64.941
[19,6] 88.986
[20,6] 93.471
[21,6] 73.968
[22,6] 73.221
[23,6] 43.736
[24,6] 15.41
[25,6] 42.348
[26,6] 82.641
[27,6] 63.64
[28,6] 50.451
[29,6] 2.771
[30,6] 31.689
[31,6] 36.619
[32,6] 21.043
[33,6] 62.028
[34,6] 26.55
[35,6] 80.415
[36,6] 35.647
[37,6] 39.128
[38,6] 36.889
[39,6] 52.17
[40,6] 47.536
[41,6] 78.905
[42,6] 91.6
[43,6] 87.403
[44,6] 72.355
[45,6] 93.967
[46,6] 12.067
[47,6] 8.276
[48,6] 54.379
[49,6] 75.353
[50,6] 44.435
[51,6] 33.416
[52,6] 45.281
[53,6] 32.836
[54,6] 22.191
[55,6] 86.405
[56,6] 74.695
[57,6] 38.103
[58,6] 34.684
[59,6] 82.824
[60,6] 61.384
[61,6] 7.996
[62,6] 21.035
[63,6] 53.268
[64,6] 57.248
[65,6] 97.322
[66,6] 9.856
[67,6] 23.509
[68,6] 60.946
[69,6] 3.654
[70,6] 29.024
[71,6] 4.674
[72,6] 39.632
[73,6] 15.725
[74,6] 34.357
[75,6] 49.209
[76,6] 45.042
[77,6] 70.406
[78,6] 77.26
[79,6] 53.533
[80,6] 27.733
[1,7] 58.64
[2,7] 37.992
[3,7] 61.363
[4,7] 36.093
[5,7] 60.665
[6,7] 44.298
[8,7] 63.175
[9,7] 53.946
[10,7] 73.093
[11,7] 6.492
[12,7] 26.367
[13,7] 32.067
[14,7] 7.417
[15,7] 89.907
[16,7] 32.283
[17,7] 97.755
[18,7] 51.133
[19,7] 87.449
[20,7] 9.316
[21,7] 63.137
[22,7] 11.069
[23,7] 3.442
[24,7] 15.316
[25,7] 19.059
[26,7] 16.486
[27,7] 28.916
[28,7] 84.131
[29,7] 14.091
[30,7] 97.645
[31,7] 64.107
[32,7] 26.311
[33,7] 46.384
[34,7] 2.445
[35,7] 32.229
[36,7] 24.579
[37,7] 72.179
[38,7] 52.87
[39,7] 31.043
[40,7] 65.849
[41,7] 35.487
[42,7] 66.66
[43,7] 73.395
[44,7] 55.367
[45,7] 31.198
[46,7] 70.926
[47,7] 28.931
[48,7] 9.162
[49,7] 40.636
[50,7] 59.692
[51,7] 25.851
[52,7] 67.919
[53,7] 38.07
[54,7] 47.369
[55,7] 38.279
[56,7] 50.558
[57,7] 16.487
[58,7] 9.268
[59,7] 76.88
[60,7] 91.65
[61,7] 75.683
[62,7] 1.085
[63,7] 33.821
[64,7] 69.807
[65,7] 50.7
[66,7] 13.332
[67,7] 84.569
[68,7] 30.981
[69,7] 86.109
[70,7] 62.868
[71,7] 36.19
[72,7] 91.022
[73,7] 66.97
[74,7] 20.609
[75,7] 79.561
[76,7] 7.917
[77,7] 86.398
[78,7] 91.59
[79,7] 96.192
[80,7] 35.049
[1,8] 89.454
[2,8] 3.004
[3,8] 31.724
[4,8] 8.438
[5,8] 21.115
[6,8] 28.636
[7,8] 55.182
[9,8] 95.006
[10,8] 63.928
[11,8] 93.99
[12,8] 11.822
[13,8] 23.48
[14,8] 13.703
[15,8] 33.036
[16,8] 25.808
[17,8] 27.186
[18,8] 59.576
[19,8] 40.658
[20,8] 89.969
[21,8] 75.078
[22,8] 4.146
[23,8] 41.15
[24,8] 69.11
[25,8] 97.967
[26,8] 77.174
[27,8] 91.646
[28,8] 27.13
[29,8] 82.375
[30,8] 54.164
[31,8] 92.193
[32,8] 0.233
[33,8] 9.451
[34,8] 5.755
[35,8] 48.314
[36,8] 42.028
[37,8] 98.315
[38,8] 48.447
[39,8] 49.63
[40,8] 8.511
[41,8] 54.205
[42,8] 25.677
[43,8] 73.339
[44,8] 18.721
[45,8] 55.924
[46,8] 60.245
[47,8] 7.085
[48,8] 8.72
[49,8] 75.026
[50,8] 98.612
[51,8] 18.065
[52,8] 70.31
[53,8] 90.101
[54,8] 51.238
[55,8] 97.28
[56,8] 55.148
[57,8] 79.329
[58,8] 51.041
[59,8] 87.265
[60,8] 10.821
[61,8] 84.918
[62,8] 9.692
[63,8] 92.115
[64,8] 82.489
[65,8] 8.403
[66,8] 2.527
[67,8] 72.506
[68,8] 78.022
[69,8] 32.354
[70,8] 73.435
[71,8] 47.715
[72,8] 74.976
[73,8] 19.216
[74,8] 50.164
[75,8] 35.332
[76,8] 84
[77,8] 18.315
[78,8] 61.432
[79,8] 26.084
[80,8] 26.333
[1,9] 96.658
[2,9] 88.957
[3,9] 82.694
[4,9] 61.835
[5,9] 11.153
[6,9] 71.369
[7,9] 16.283
[8,9] 98.383
[10,9] 43.69
[11,9] 15.286
[12,9] 70.134
[13,9] 49.007
[14,9] 67.832
[15,9] 28.609
[16,9] 79.05
[17,9] 15.862
[18,9] 54.251
[19,9] 76.391
[20,9] 71.471
[21,9] 17.081
[22,9] 49.649
[23,9] 52.253
[24,9] 8.566
[25,9] 18.347
[26,9] 0.114
[27,9] 53.302
[28,9] 4.897
[29,9] 0.986
[30,9] 81.44
[31,9] 91.542
[32,9] 25.677
[33,9] 16.236
[34,9] 84.508
[35,9] 47.133
[36,9] 43.538
[37,9] 1.226
[38,9] 36.32
[39,9] 20.074
[40,9] 26.548
[41,9] 1.095
[42,9] 26.743
[43,9] 27.603
[44,9] 60.967
[45,9] 55.748
[46,9] 6.723
[47,9] 45.938
[48,9] 88.271
[49,9] 53.503
[50,9] 12.927
[51,9] 1.312
[52,9] 77.391
[53,9] 8.236
[54,9] 4.136
[55,9] 5.257
[56,9] 58.405
[57,9] 96.534
[58,9] 85.78
[59,9] 2.236
[60,9] 28.166
[61,9] 91.764
[62,9] 48.168
[63,9] 45.465
[64,9] 24.311
[65,9] 11.788
[66,9] 64.662
[67,9] 96.86
[68,9] 28.146
[69,9] 3.258
[70,9] 18.549
[71,9] 25.239
[72,9] 6.561
[73,9] 84.247
[74,9] 96.149
[75,9] 86.978
[76,9] 78.235
[77,9] 59.516
[78,9] 52.192
[79,9] 76.085
[80,9] 81.768
[1,10] 72.827
[2,10] 98.163
[3,10] 87.234
[4,10] 48.479
[5,10] 29.055
[6,10] 32.146
[7,10] 23.033
[8,10] 81.129
[9,10] 74.933
[11,10] 21.108
[12,10] 73.32
[13,10] 10.319
[14,10] 34.135
[15,10] 8.559
[16,10] 40.813
[17,10] 67.475
[18,10] 60.833
[19,10] 12.167
[20,10] 90.883
[21,10] 86.219
[22,10] 37.962
[23,10] 12.133
[24,10] 58.552
[25,10] 52.438
[26,10] 77.871
[27,10] 72.342
[28,10] 99.3
[29,10] 61.994
[30,10] 99.183
[31,10] 94.958
[32,10] 0.321
[33,10] 51.122
[34,10] 58.945
[35,10] 70.066
[36,10] 14.827
[37,10] 45.676
[38,10] 33.823
[39,10] 86.106
[40,10] 30.318
[41,10] 55.357
[42,10] 14.704
[43,10] 42.54
[44,10] 94.942
[45,10] 74.904
[46,10] 16.958
[47,10] 35.805
[48,10] 48.176
[49,10] 98.567
[50,10] 0.995
[51,10] 26.138
[52,10] 80.736
[53,10] 2.641
[54,10] 79.25
[55,10] 7.431
[56,10] 64.906
[57,10] 4.34
[58,10] 35.72
[59,10] 76.358
[60,10] 72.371
[61,10] 24.066
[62,10] 69.055
[63,10] 51.641
[64,10] 75.338
[65,10] 44.056
[66,10] 15.356
[67,10] 15.275
[68,10] 82.529
[69,10] 7.394
[70,10] 53.733
[71,10] 53.43
[72,10] 75.429
[73,10] 66.065
[74,10] 33.239
[75,10] 45.745
[76,10] 2.539
[77,10] 2.423
[78,10] 78.036
[79,10] 37.402
[80,10] 53.815
[1,11] 73.275
[2,11] 40.965
[3,11] 79.473
[4,11] 73.924
[5,11] 61.488
[6,11] 15.008
[7,11] 60.934
[8,11] 39.999
[9,11] 72.311
[10,11] 85.721
[12,11] 90.041
[13,11] 71.339
[14,11] 3.945
[15,11] 65.317
[16,11] 63.281
[17,11] 87.492
[18,11] 59.079
[19,11] 52.468
[20,11] 63.137
[21,11] 63.03
[22,11] 85.879
[23,11] 16.034
[24,11] 79.307
[25,11] 90.939
[26,11] 1.263
[27,11] 22.195
[28,11] 50.776
[29,11] 32.074
[30,11] 79.751
[31,11] 11.633
[32,11] 52.19
[33,11] 89.841
[34,11] 93.81
[35,11] 35.959
[36,11] 42.901
[37,11] 60.789
[38,11] 63.155
[39,11] 52.114
[40,11] 17.882
[41,11] 59.039
[42,11] 78.763
[43,11] 17.982
[44,11] 12.992
[45,11] 8.879
[46,11] 14.495
[47,11] 53.18
[48,11] 37.896
[49,11] 18.53
[50,11] 7.021
[51,11] 24.125
[52,11] 81.214
[53,11] 72.071
[54,11] 89.949
[55,11] 43.372
[56,11] 46.833
[57,11] 40.192
[58,11] 61.345
[59,11] 53.568
[60,11] 25.16
[61,11] 69.053
[62,11] 30.752
[63,11] 8.175
[64,11] 64.515
[65,11] 15.518
[66,11] 74.125
[67,11] 50.787
[68,11] 81.586
[69,11] 57.405
[70,11] 22.001
[71,11] 53.058
[72,11] 40.931
[73,11] 55.364
[74,11] 28.886
[75,11] 45.516
[76,11] 53.679
[77,11] 82.882
[78,11] 25.459
[79,11] 48.755
[80,11] 37.749
[1,12] 38.812
[2,12] 31.732
[3,12] 47.437
[4,12] 23.157
[5,12] 90.665
[6,12] 50.872
[7,12] 78.116
[8,12] 64.015
[9,12] 38.536
[10,12] 6.674
[11,12] 31.99
[13,12] 30.446
[14,12] 93.412
[15,12] 87.074
[16,12] 97.712
[17,12] 71.39
[18,12] 79.354
[19,12] 37.074
[20,12] 77.415
[21,12] 81.429
[22,12] 33.299
[23,12] 15.351
[24,12] 7.176
[25,12] 65.547
[26,12] 87.065
[27,12] 75.381
[28,12] 35.115
[29,12] 58.308
[30,12] 65.327
[31,12] 39.743
[32,12] 40.319
[33,12] 92.963
[34,12] 49.772
[35,12] 62.362
[36,12] 72.672
[37,12] 0.751
[38,12] 29.368
[39,12] 9.119
[40,12] 9.22
[41,12] 6.332
[42,12] 84.216
[43,12] 69.46
[44,12] 21.719
[45,12] 74.42
[46,12] 94.97
[47,12] 12.928
[48,12] 94.276
[49,12] 65.324
[50,12] 78.288
[51,12] 32.702
[52,12] 4.167
[53,12] 56.754
[54,12] 5.736
[55,12] 46.259
[56,12] 97.071
[57,12] 39.201
[58,12] 47.351
[59,12] 62.827
[60,12] 4.456
[61,12] 67.081
[62,12] 63.389
[63,12] 67.231
[64,12] 64.274
[65,12] 63.033
[66,12] 22.81
[67,12] 1.812
[68,12] 73.597
[69,12] 86.948
[70,12] 24.587
[71,12] 52.873
[72,12] 49.681
[73,12] 58.463
[74,12] 96.32
[75,12] 72.379
[76,12] 73.882
[77,12] 45.256
[78,12] 28.28
[79,12] 84.069
[80,12] 25.511
[1,13] 40.451
[2,13] 33.751
[3,13] 60.764
[4,13] 73.344
[5,13] 90.558
[6,13] 13.41
[7,13] 69.031
[8,13] 38.293
[9,13] 89.18
[10,13] 24.309
[11,13] 20.478
[12,13] 62.911
[14,13] 61.579
[15,13] 92.353
[16,13] 21.429
[17,13] 2.008
[18,13] 17.714
[19,13] 51.128
[20,13] 47.977
[21,13] 22.685
[22,13] 6.129
[23,13] 4.374
[24,13] 17.45
[25,13] 26.637
[26,13] 1.576
[27,13] 83.676
[28,13] 18.78
[29,13] 82.359
[30,13] 39.878
[31,13] 14.34
[32,13] 40.041
[33,13] 39.627
[34,13] 31.919
[35,13] 28.894
[36,13] 81.905
[37,13] 25.056
[38,13] 78.449
[39,13] 7.033
[40,13] 9.58
[41,13] 47.43
[42,13] 8.158
[43,13] 8.953
[44,13] 52.632
[45,13] 13.807
[46,13] 67.232
[47,13] 9.372
[48,13] 46.61
[49,13] 98.064
[50,13] 19.913
[51,13] 49.018
[52,13] 65.814
[53,13] 13.44
[54,13] 76.105
[55,13] 70.13
[56,13] 74.492
[57,13] 84.265
[58,13] 21.68
[59,13] 3.331
[60,13] 31.258
[61,13] 80.848
[62,13] 52.318
[63,13] 65.455
[64,13] 19.986
[65,13] 97.649
[66,13] 91.926
[67,13] 26.76
[68,13] 26.27
[69,13] 56.524
[70,13] 25.635
[71,13] 58.066
[72,13] 57.829
[73,13] 12.335
[74,13] 19.449
[75,13] 1.356
[76,13] 10.444
[77,13] 40.527
[78,13] 49.356
[79,13] 61.592
[80,13] 21.871
[1,14] 33.853
[2,14] 23.993
[3,14] 70.609
[4,14] 57.826
[5,14] 23.322
[6,14] 76.206
[7,14] 86.839
[8,14] 45.639
[9,14] 44.063
[10,14] 95.877
[11,14] 72.472
[12,14] 11.356
[13,14] 78.798
[15,14] 15.929
[16,14] 73.744
[17,14] 51.626
[18,14] 2.388
[19,14] 81.731
[20,14] 62.105
[21,14] 76.375
[22,14] 17.329
[23,14] 50.898
[24,14] 92.537
[25,14] 23.988
[26,14] 1.058
[27,14] 70.8
[28,14] 47.954
[29,14] 31.364
[30,14] 51.977
[31,14] 59.604
[32,14] 77.271
[33,14] 86.468
[34,14] 20.759
[35,14] 32.156
[36,14] 4.911
[37,14] 87.441
[38,14] 79.196
[39,14] 60.932
[40,14] 90.609
[41,14] 2.692
[42,14] 81.645
[43,14] 56.378
[44,14] 84.427
[45,14] 35.861
[46,14] 54.164
[47,14] 90.847
[48,14] 19.998
[49,14] 78.174
[50,14] 39.683
[51,14] 35.163
[52,14] 70.526
[53,14] 6.36
[54,14] 32.189
[55,14] 54.595
[56,14] 75.259
[57,14] 94.86
[58,14] 61.057
[59,14] 2.457
[60,14] 27.864
[61,14] 92.328
[62,14] 3.675
[63,14] 5.188
[64,14] 34.177
[65,14] 99.334
[66,14] 5.481
[67,14] 19.534
[68,14] 27.708
[69,14] 13.377
[70,14] 82.713
[71,14] 96.474
[72,14] 33.138
[73,14] 61.515
[74,14] 55.006
[75,14] 2.164
[76,14] 17.338
[77,14] 24.333
[78,14] 97.762
[79,14] 89.826
[80,14] 82.163
[1,15] 19.135
[2,15] 28.817
[3,15] 3.916
[4,15] 95.425
[5,15] 12.216
[6,15] 63.963
[7,15] 12.494
[8,15] 3.511
[9,15] 58.296
[10,15] 20.702
[11,15] 82.277
[12,15] 28.544
[13,15] 70.369
[14,15] 11.93
[16,15] 95.368
[17,15] 6.88
[18,15] 45.821
[19,15] 57.003
[20,15] 50.401
[21,15] 90.806
[22,15] 45.257
[23,15] 98.405
[24,15] 89.306
[25,15] 59.59
[26,15] 38.93
[27,15] 57.807
[28,15] 79.384
[29,15] 13.561
[30,15] 40.61
[31,15] 46.378
[32,15] 64.922
[33,15] 45.044
[34,15] 66.219
[35,15] 89.043
[36,15] 18.726
[37,15] 14.958
[38,15] 24.534
[39,15] 25.954
[40,15] 74.523
[41,15] 94.925
[42,15] 77.848
[43,15] 35.192
[44,15] 3.663
[45,15] 19.904
[46,15] 74.438
[47,15] 76.252
[48,15] 57.684
[49,15] 4.836
[50,15] 21.229
[51,15] 7.11
[52,15] 80.404
[53,15] 71.286
[54,15] 95.894
[55,15] 35.491
[56,15] 86.998
[57,15] 77.718
[58,15] 57.847
[59,15] 23.332
[60,15] 93.222
[61,15] 75.413
[62,15] 5.685
[63,15] 97.829
[64,15] 22.012
[65,15] 1.515
[66,15] 88.348
[67,15] 47.933
[68,15] 7.328
[69,15] 55.609
[70,15] 53.473
[71,15] 65.996
[72,15] 13.852
[73,15] 97.373
[74,15] 25.607
[75,15] 66.956
[76,15] 28.666
[77,15] 51.505
[78,15] 16.852
[79,15] 11.964
[80,15] 79.091
[1,16] 11.683
[2,16] 11.014
[3,16] 91.414
[4,16] 45.09
[5,16] 76.854
[6,16] 60.865
[7,16] 33.126
[8,16] 37.371
[9,16] 23.998
[10,16] 55.682
[11,16] 60.934
[12,16] 38.266
[13,16] 41.84
[14,16] 1.121
[15,16] 53.713
[17,16] 95.257
[18,16] 45.388
[19,16] 75.009
[20,16] 41.968
[21,16] 71.918
[22,16] 15.263
[23,16] 70.445
[24,16] 37.645
[25,16] 6.988
[26,16] 30.495
[27,16] 6.813
[28,16] 51.107
[29,16] 38.833
[30,16] 56.395
[31,16] 60.641
[32,16] 87.601
[33,16] 56.551
[34,16] 12.169
[35,16] 80.059
[36,16] 89.195
[37,16] 30.282
[38,16] 92.622
[39,16] 76.74
[40,16] 63.48
[41,16] 87.276
[42,16] 84.728
[43,16] 66.158
[44,16] 10.819
[45,16] 7.173
[46,16] 28.543
[47,16] 62.6
[48,16] 57.678
[49,16] 92.63
[50,16] 2.858
[51,16] 12.126
[52,16] 98.473
[53,16] 35.001
[54,16] 32.819
[55,16] 47.207
[56,16] 50.708
[57,16] 60.629
[58,16] 86.632
[59,16] 88.904
[60,16] 77.756
[61,16] 79.52
[62,16] 73.109
[63,16] 68.647
[64,16] 71.145
[65,16] 7.162
[66,16] 20.205
[67,16] 61.42
[68,16] 39.516
[69,16] 37.586
[70,16] 89.71
[71,16] 40.652
[72,16] 85.133
[73,16] 86.233
[74,16] 89.661
[75,16] 43.038
[76,16] 5.463
[77,16] 50.199
[78,16] 80.059
[79,16] 61.827
[80,16] 20.493
[1,17] 26.626
[2,17] 98.736
[3,17] 86.583
[4,17] 74.971
[5,17] 54.499
[6,17] 82.969
[7,17] 33.213
[8,17] 48.02
[9,17] 59.699
[10,17] 36.317
[11,17] 33.705
[12,17] 71.476
[13,17] 44.451
[14,17] 73.868
[15,17] 75.303
[16,17] 11.551
[18,17] 56.42
[19,17] 22.851
[20,17] 72.336
[21,17] 21.212
[22,17] 9.238
[23,17] 89.708
[24,17] 81.656
[25,17] 99.449
[26,17] 88.409
[27,17] 33.749
[28,17] 9.082
[29,17] 96.505
[30,17] 67.696
[31,17] 12.725
[32,17] 71.797
[33,17] 71.63
[34,17] 37.571
[35,17] 85.049
[36,17] 55.299
[37,17] 19.313
[38,17] 72.537
[39,17] 3.548
[40,17] 84.807
[41,17] 42.258
[42,17] 35.044
[43,17] 19.293
[44,17] 20.925
[45,17] 31.658
[46,17] 89.224
[47,17] 68.172
[48,17] 23.21
[49,17] 66.01
[50,17] 44.309
[51,17] 17.718
[52,17] 84.947
[53,17] 16.61
[54,17] 79.568
[55,17] 18.473
[56,17] 35.153
[57,17] 12.253
[58,17] 12.216
[59,17] 14.462
[60,17] 25.945
[61,17] 27.728
[62,17] 61.059
[63,17] 0.116
[64,17] 90.447
[65,17] 49.17
[66,17] 30.96
[67,17] 65.877
[68,17] 23.891
[69,17] 37.753
[70,17] 80.497
[71,17] 99.041
[72,17] 0.182
[73,17] 93.787
[74,17] 94.921
[75,17] 86.95
[76,17] 59.134
[77,17] 94.677
[78,17] 36.806
[79,17] 86.181
[80,17] 59.461
[1,18] 9.11
[2,18] 47.143
[3,18] 65.24
[4,18] 99.991
[5,18] 53.62
[6,18] 69.222
[7,18] 36.124
[8,18] 74.033
[9,18] 78.876
[10,18] 61.567
[11,18] 17.402
[12,18] 99.835
[13,18] 62.391
[14,18] 48.138
[15,18] 94.113
[16,18] 60.421
[17,18] 50.844
[19,18] 87.311
[20,18] 11.122
[21,18] 27.107
[22,18] 68.978
[23,18] 97.136
[24,18] 30.653
[25,18] 68.614
[26,18] 61.114
[27,18] 92.204
[28,18] 36.333
[29,18] 33.731
[30,18] 5.788
[31,18] 38.923
[32,18] 72.902
[33,18] 70.009
[34,18] 40.853
[35,18] 56.283
[36,18] 76.563
[37,18] 69.982
[38,18] 88.57
[39,18] 88.072
[40,18] 83.379
[41,18] 71.48
[42,18] 4.828
[43,18] 60.289
[44,18] 99.943
[45,18] 49.494
[46,18] 17.996
[47,18] 48.393
[48,18] 9.7
[49,18] 24.095
[50,18] 70.572
[51,18] 26.675
[52,18] 81.692
[53,18] 38.578
[54,18] 54.771
[55,18] 71.608
[56,18] 33.105
[57,18] 34.387
[58,18] 38.055
[59,18] 58.563
[60,18] 25.844
[61,18] 95.258
[62,18] 1.21
[63,18] 60.846
[64,18] 4.993
[65,18] 69.439
[66,18] 47.385
[67,18] 18.955
[68,18] 61.584
[69,18] 21.945
[70,18] 75.229
[71,18] 55.255
[72,18] 89.472
[73,18] 95.262
[74,18] 3.329
[75,18] 7.08
[76,18] 86.461
[77,18] 6.618
[78,18] 50.686
[79,18] 1.936
[80,18] 36.031
[1,19] 94.082
[2,19] 2.634
[3,19] 3.454
[4,19] 8.806
[5,19] 43.06
[6,19] 68.322
[7,19] 95.045
[8,19] 48.002
[9,19] 36.425
[10,19] 44.249
[11,19] 8.047
[12,19] 31.447
[13,19] 48.952
[14,19] 5.717
[15,19] 78.433
[16,19] 48.944
[17,19] 26.253
[18,19] 19.187
[20,19] 57.289
[21,19] 16.933
[22,19] 85.121
[23,19] 38.587
[24,19] 22.095
[25,19] 60.824
[26,19] 33.56
[27,19] 51.265
[28,19] 3.749
[29,19] 68.483
[30,19] 55.911
[31,19] 93.868
[32,19] 57.418
[33,19] 75.322
[34,19] 53.445
[35,19] 31.737
[36,19] 48.036
[37,19] 65.239
[38,19] 82.083
[39,19] 45.315
[40,19] 34.537
[41,19] 79.379
[42,19] 20.23
[43,19] 42.913
[44,19] 60.733
[45,19] 35.959
[46,19] 89.73
[47,19] 27.792
[48,19] 3.7
[49,19] 48.496
[50,19] 7.321
[51,19] 89.259
[52,19] 64.305
[53,19] 17.606
[54,19] 58.462
[55,19] 91.749
[56,19] 25.909
[57,19] 49.613
[58,19] 9.886
[59,19] 25.012
[60,19] 56.868
[61,19] 41.356
[62,19] 33.06
[63,19] 23.87
[64,19] 75.934
[65,19] 82.358
[66,19] 62.915
[67,19] 5.55
[68,19] 35.562
[69,19] 57.475
[70,19] 6.219
[71,19] 48.726
[72,19] 60.06
[73,19] 31.473
[74,19] 51.589
[75,19] 56.802
[76,19] 20.879
[77,19] 22.23
[78,19] 24.316
[79,19] 63.651
[80,19] 52.421
[1,20] 27.007
[2,20] 5.047
[3,20] 5.385
[4,20] 79.634
[5,20] 85.373
[6,20] 6.493
[7,20] 79.808
[8,20] 22.464
[9,20] 4.316
[10,20] 83.077
[11,20] 47.997
[12,20] 55.306
[13,20] 82.095
[14,20] 78.62
[15,20] 35.983
[16,20] 73.292
[17,20] 50.107
[18,20] 70.726
[19,20] 92.147
[21,20] 2.155
[22,20] 7.091
[23,20] 92.114
[24,20] 98.712
[25,20] 81.481
[26,20] 20.686
[27,20] 48.264
[28,20] 40.746
[29,20] 27.6
[30,20] 39.362
[31,20] 10.887
[32,20] 0.597
[33,20] 5.692
[34,20] 81.659
[35,20] 88.974
[36,20] 16.45
[37,20] 13.371
[38,20] 30.851
[39,20] 49.194
[40,20] 66.291
[41,20] 59.5
[42,20] 54.77
[43,20] 46.908
[44,20] 84.193
[45,20] 84.283
[46,20] 5.027
[47,20] 70.297
[48,20] 25.497
[49,20] 5.778
[50,20] 90.73
[51,20] 18.993
[52,20] 57.402
[53,20] 71.782
[54,20] 51.047
[55,20] 33.035
[56,20] 31.977
[57,20] 26.324
[58,20] 77.862
[59,20] 27.975
[60,20] 80.389
[61,20] 55.835
[62,20] 84.81
[63,20] 79.188
[64,20] 0.149
[65,20] 8.589
[66,20] 25.501
[67,20] 40.168
[68,20] 93.564
[69,20] 58.215
[70,20] 43.577
[71,20] 80.562
[72,20] 86.8
[73,20] 34.973
[74,20] 49.827
[75,20] 22.84
[76,20] 12.599
[77,20] 49.208
[78,20] 82.237
[79,20] 90.951
[80,20] 75.715
[1,21] 65.909
[2,21] 33.794
[3,21] 47.318
[4,21] 86.127
[5,21] 49.394
[6,21] 4.21
[7,21] 16.278
[8,21] 67.309
[9,21] 62.71
[10,21] 3.136
[11,21] 55.392
[12,21] 16.339
[13,21] 95.122
[14,21] 68.359
[15,21] 60.236
[16,21] 25.172
[17,21] 78.784
[18,21] 26.044
[19,21] 79.332
[20,21] 24.286
[22,21] 42.854
[23,21] 93.808
[24,21] 75.123
[25,21] 63.639
[26,21] 28.656
[27,21] 98.347
[28,21] 49.52
[29,21] 51.28
[30,21] 83.031
[31,21] 21.491
[32,21] 60.638
[33,21] 88.205
[34,21] 24.81
[35,21] 21.595
[36,21] 89.623
[37,21] 7.724
[38,21] 36.212
[39,21] 95.847
[40,21] 58.141
[41,21] 45.343
[42,21] 63.232
[43,21] 96.292
[44,21] 73.161
[45,21] 33.384
[46,21] 94.304
[47,21] 66.559
[48,21] 89.809
[49,21] 74.412
[50,21] 33.905
[51,21] 94.143
[52,21] 76.024
[53,21] 87.262
[54,21] 7.46
[55,21] 91.366
[56,21] 63.039
[57,21] 64.541
[58,21] 8.512
[59,21] 58.804
[60,21] 23.375
[61,21] 60.963
[62,21] 68.362
[63,21] 36.176
[64,21] 80.961
[65,21] 16.686
[66,21] 88.915
[67,21] 20.064
[68,21] 97.688
[69,21] 88.488
[70,21] 78.352
[71,21] 34.125
[72,21] 94.669
[73,21] 95.168
[74,21] 87.599
[75,21] 81.552
[76,21] 15.094
[77,21] 7.219
[78,21] 74.68
[79,21] 29.971
[80,21] 99.388
[1,22] 92.958
[2,22] 19.936
[3,22] 97.544
[4,22] 67.645
[5,22] 85.702
[6,22] 56.907
[7,22] 64.493
[8,22] 46.386
[9,22] 86.774
[10,22] 84.461
[11,22] 12.902
[12,22] 51.337
[13,22] 93.445
[14,22] 27.357
[15,22] 49.289
[16,22] 8.144
[17,22] 5.354
[18,22] 95.141
[19,22] 34.603
[20,22] 47.469
[21,22] 84.295
[23,22] 18.996
[24,22] 41.769
[25,22] 98.644
[26,22] 52.38
[27,22] 17.841
[28,22] 94.305
[29,22] 84.542
[30,22] 78.913
[31,22] 67.972
[32,22] 19.58
[33,22] 80.158
[34,22] 54.785
[35,22] 95.758
[36,22] 83.277
[37,22] 31.81
[38,22] 55.02
[39,22] 97.195
[40,22] 72.897
[41,22] 16.208
[42,22] 20.636
[43,22] 79.523
[44,22] 97.32
[45,22] 46.172
[46,22] 43.026
[47,22] 89.69
[48,22] 37.758
[49,22] 28.213
[50,22] 13.793
[51,22] 37.106
[52,22] 62.793
[53,22] 97.913
[54,22] 65.567
[55,22] 41.062
[56,22] 0.657
[57,22] 24.869
[58,22] 89.252
[59,22] 85.536
[60,22] 71.53
[61,22] 79.782
[62,22] 40.224
[63,22] 71.656
[64,22] 23.14
[65,22] 78.472
[66,22] 49.01
[67,22] 83.019
[68,22] 87.059
[69,22] 62.774
[70,22] 55.456
[71,22] 62.31
[72,22] 85.903
[73,22] 13.889
[74,22] 40.721
[75,22] 13.776
[76,22] 41.266
[77,22] 18.433
[78,22] 40.369
[79,22] 50.136
[80,22] 50.199
[1,23] 58.303
[2,23] 61.195
[3,23] 4.39
[4,23] 38.934
[5,23] 6.256
[6,23] 26.068
[7,23] 43.346
[8,23] 78.554
[9,23] 43.481
[10,23] 86.715
[11,23] 18.275
[12,23] 87.102
[13,23] 47.05
[14,23] 44.121
[15,23] 43.855
[16,23] 48.266
[17,23] 77.959
[18,23] 12.676
[19,23] 38.29
[20,23] 12.457
[21,23] 83.685
[22,23] 91.921
[24,23] 96.147
[25,23] 35.304
[26,23] 71.846
[27,23] 4.363
[28,23] 33.858
[29,23] 52.839
[30,23] 67.527
[31,23] 97.806
[32,23] 8.988
[33,23] 5.873
[34,23] 32.123
[35,23] 86.062
[36,23] 64.543
[37,23] 26.317
[38,23] 18.378
[39,23] 58.825
[40,23] 52.896
[41,23] 46.813
[42,23] 80.321
[43,23] 17.903
[44,23] 29.623
[45,23] 92.065
[46,23] 83.891
[47,23] 52.046
[48,23] 55.512
[49,23] 42.225
[50,23] 16.395
[51,23] 47.512
[52,23] 64.713
[53,23] 78.817
[54,23] 80.06
[55,23] 94.238
[56,23] 53.371
[57,23] 42.78
[58,23] 92.458
[59,23] 18.395
[60,23] 86.433
[61,23] 50.935
[62,23] 42.201
[63,23] 19.084
[64,23] 50.264
[65,23] 1.699
[66,23] 17.633
[67,23] 95.896
[68,23] 72.519
[69,23] 92.356
[70,23] 34.389
[71,23] 59.462
[72,23] 23.254
[73,23] 34.137
[74,23] 5.228
[75,23] 30.05
[76,23] 89.283
[77,23] 39.513
[78,23] 23.607
[79,23] 21.972
[80,23] 53.976
[1,24] 81.752
[2,24] 94.319
[3,24] 36.942
[4,24] 41.543
[5,24] 5.534
[6,24] 92.77
[7,24] 94.225
[8,24] 61.522
[9,24] 39.564
[10,24] 37.238
[11,24] 91.33
[12,24] 50.151
[13,24] 95.47
[14,24] 37.837
[15,24] 9.799
[16,24] 4.4
[17,24] 2.159
[18,24] 66.205
[19,24] 58.95
[20,24] 99.392
[21,24] 98.141
[22,24] 58.954
[23,24] 15.484
[25,24] 82.803
[26,24] 83.873
[27,24] 97.333
[28,24] 63.206
[29,24] 68.23
[30,24] 97.002
[31,24] 91.634
[32,24] 34.437
[33,24] 86.478
[34,24] 85.364
[35,24] 22.801
[36,24] 79.158
[37,24] 96.052
[38,24] 1.518
[39,24] 24.599
[40,24] 89.955
[41,24] 77.976
[42,24] 16.33
[43,24] 23.246
[44,24] 76.465
[45,24] 59.54
[46,24] 96.328
[47,24] 73.322
[48,24] 36.093
[49,24] 75.342
[50,24] 65.125
[51,24] 73.089
[52,24] 80.429
[53,24] 70.029
[54,24] 40.047
[55,24] 57.874
[56,24] 99.695
[57,24] 29.503
[58,24] 63.009
[59,24] 47.544
[60,24] 73.511
[61,24] 94.365
[62,24] 23.949
[63,24] 1.022
[64,24] 50.486
[65,24] 36.265
[66,24] 40.13
[67,24] 35.715
[68,24] 45.512
[69,24] 76.214
[70,24] 14.923
[71,24] 12.155
[72,24] 88.405
[73,24] 64.43
[74,24] 6.602
[75,24] 62.395
[76,24] 12.113
[77,24] 5.194
[78,24] 77.642
[79,24] 59.911
[80,24] 32.084
[1,25] 2.742
[2,25] 57.948
[3,25] 6.807
[4,25] 92.029
[5,25] 25.747
[6,25] 28.655
[7,25] 46.066
[8,25] 6.466
[9,25] 12.527
[10,25] 37.011
[11,25] 78.575
[12,25] 12.618
[13,25] 57.243
[14,25] 23.813
[15,25] 57.576
[16,25] 96.992
[17,25] 28.284
[18,25] 98.621
[19,25] 95.354
[20,25] 10.077
[21,25] 77.212
[22,25] 38.057
[23,25] 73.533
[24,25] 53.582
[26,25] 72.48
[27,25] 4.182
[28,25] 55.174
[29,25] 4.779
[30,25] 53.163
[31,25] 88.239
[32,25] 13.837
[33,25] 65.496
[34,25] 84.939
[35,25] 80.539
[36,25] 83.771
[37,25] 17.553
[38,25] 47.231
[39,25] 75.92
[40,25] 27.146
[41,25] 20.956
[42,25] 48.772
[43,25] 46.728
[44,25] 67.601
[45,25] 89.851
[46,25] 9.096
[47,25] 80.712
[48,25] 51.135
[49,25] 33.187
[50,25] 36.091
[51,25] 59.901
[52,25] 56.712
[53,25] 44.38
[54,25] 63.568
[55,25] 70.273
[56,25] 62.856
[57,25] 0.912
[58,25] 17.946
[59,25] 65.872
[60,25] 25.22
[61,25] 26.039
[62,25] 36.477
[63,25] 57.381
[64,25] 30.142
[65,25] 18.182
[66,25] 52.66
[67,25] 54.355
[68,25] 60.812
[69,25] 83.058
[70,25] 20.958
[71,25] 74.385
[72,25] 61.693
[73,25] 48.31
[74,25] 91.808
[75,25] 86.376
[76,25] 47.578
[77,25] 6.718
[78,25] 54.203
[79,25] 22.773
[80,25] 28.7
[1,26] 40.474
[2,26] 62.54
[3,26] 13.66
[4,26] 17.003
[5,26] 97.237
[6,26] 37.577
[7,26] 39.202
[8,26] 64.972
[9,26] 71.559
[10,26] 18.682
[11,26] 8.676
[12,26] 35.847
[13,26] 57.959
[14,26] 66.1
[15,26] 20.663
[16,26] 8.211
[17,26] 85.608
[18,26] 81.265
[19,26] 61.991
[20,26] 85.868
[21,26] 18.499
[22,26] 40.443
[23,26] 25.533
[24,26] 56.061
[25,26] 25.728
[27,26] 86.451
[28,26] 32.951
[29,26] 14.882
[30,26] 53.043
[31,26] 10.093
[32,26] 31.576
[33,26] 6.247
[34,26] 40.203
[35,26] 66.766
[36,26] 60.164
[37,26] 30.7
[38,26] 86.307
[39,26] 61.248
[40,26] 74.228
[41,26] 10.232
[42,26] 89.923
[43,26] 42.931
[44,26] 2.186
[45,26] 10.613
[46,26] 2.45
[47,26] 60.54
[48,26] 46.312
[49,26] 31.735
[50,26] 65.683
[51,26] 67.566
[52,26] 75.016
[53,26] 76.736
[54,26] 43.272
[55,26] 38.264
[56,26] 75.796
[57,26] 7.255
[58,26] 20.138
[59,26] 74.06
[60,26] 52.964
[61,26] 51.176
[62,26] 46.603
[63,26] 65.771
[64,26] 87.924
[65,26] 94.739
[66,26] 75.986
[67,26] 79.949
[68,26] 0.54
[69,26] 49.015
[70,26] 64.031
[71,26] 42.663
[72,26] 11.028
[73,26] 14.203
[74,26] 92.044
[75,26] 24.356
[76,26] 11.563
[77,26] 35.118
[78,26] 2.394
[79,26] 46.108
[80,26] 6.736
[1,27] 98.119
[2,27] 87.181
[3,27] 97.188
[4,27] 52.529
[5,27] 56.798
[6,27] 44.777
[7,27] 48.253
[8,27] 50.424
[9,27] 61.223
[10,27] 50.708
[11,27] 38.487
[12,27] 13.641
[13,27] 64.349
[14,27] 17.775
[15,27] 26.736
[16,27] 3.165
[17,27] 2.859
[18,27] 98.936
[19,27] 74.498
[20,27] 90.631
[21,27] 72.262
[22,27] 31.049
[23,27] 69.9
[24,27] 81.801
[25,27] 33.295
[26,27] 97.139
[28,27] 19.189
[29,27] 59.042
[30,27] 31.48
[31,27] 39.399
[32,27] 69.765
[33,27] 17.822
[34,27] 77.342
[35,27] 26.674
[36,27] 96.808
[37,27] 28.081
[38,27] 64.198
[39,27] 40.935
[40,27] 22.744
[41,27] 61.744
[42,27] 12.777
[43,27] 57.025
[44,27] 37.083
[45,27] 73.665
[46,27] 20.383
[47,27] 82.668
[48,27] 25.325
[49,27] 0.636
[50,27] 88.924
[51,27] 71.932
[52,27] 38.793
[53,27] 81.553
[54,27] 77.336
[55,27] 46.737
[56,27] 37.705
[57,27] 51.914
[58,27] 74.093
[59,27] 58.072
[60,27] 14.199
[61,27] 54.498
[62,27] 1.799
[63,27] 60.362
[64,27] 70.251
[65,27] 82.863
[66,27] 5.143
[67,27] 84.005
[68,27] 30.531
[69,27] 43.182
[70,27] 7.553
[71,27] 60.552
[72,27] 66.112
[73,27] 49.048
[74,27] 42.719
[75,27] 53.312
[76,27] 97.962
[77,27] 49.329
[78,27] 92.357
[79,27] 96.49
[80,27] 29.364
[1,28] 5.202
[2,28] 55.022
[3,28] 8.863
[4,28] 68.956
[5,28] 45.305
[6,28] 94.891
[7,28] 66.105
[8,28] 76.98
[9,28] 17.456
[10,28] 98.159
[11,28] 60.821
[12,28] 95.007
[13,28] 68.405
[14,28] 58.87
[15,28] 69.063
[16,28] 42.019
[17,28] 95.541
[18,28] 62.659
[19,28] 72.636
[20,28] 60.286
[21,28] 21.126
[22,28] 36.699
[23,28] 64.438
[24,28] 75.415
[25,28] 15.343
[26,28] 71.849
[27,28] 91.567
[29,28] 94.274
[30,28] 12.073
[31,28] 71.948
[32,28] 39.014
[33,28] 6.384
[34,28] 83.775
[35,28] 50.022
[36,28] 48.667
[37,28] 88.976
[38,28] 16.641
[39,28] 61.924
[40,28] 23.621
[41,28] 9.921
[42,28] 17.4
[43,28] 96.494
[44,28] 87.824
[45,28] 35.779
[46,28] 79.358
[47,28] 24.379
[48,28] 92.923
[49,28] 64.585
[50,28] 61.629
[51,28] 79.01
[52,28] 52.542
[53,28] 42.866
[54,28] 32.207
[55,28] 44.729
[56,28] 85.536
[57,28] 49.318
[58,28] 15.009
[59,28] 78.447
[60,28] 17.41
[61,28] 2.209
[62,28] 94.56
[63,28] 70.259
[64,28] 92.616
[65,28] 93.24
[66,28] 64.029
[67,28] 15.773
[68,28] 49.076
[69,28] 80.361
[70,28] 85.259
[71,28] 72.005
[72,28] 18.563
[73,28] 12.314
[74,28] 28.596
[75,28] 25.315
[76,28] 64.127
[77,28] 23.866
[78,28] 8.134
[79,28] 10.163
[80,28] 81.125
[1,29] 7.193
[2,29] 74.97
[3,29] 34.702
[4,29] 91.511
[5,29] 3.533
[6,29] 9.162
[7,29] 67.421
[8,29] 40.917
[9,29] 31.119
[10,29] 56.205
[11,29] 15.606
[12,29] 71.586
[13,29] 41.645
[14,29] 76.947
[15,29] 1.598
[16,29] 91.966
[17,29] 94.807
[18,29] 15.13
[19,29] 44.458
[20,29] 93.125
[21,29] 19.49
[22,29] 29.897
[23,29] 29.736
[24,29] 57.796
[25,29] 88.968
[26,29] 8.545
[27,29] 14.481
[28,29] 26.956
[30,29] 14.095
[31,29] 5.995
[32,29] 55.176
[33,29] 15.059
[34,29] 46.726
[35,29] 2.163
[36,29] 1.206
[37,29] 73.37
[38,29] 63.328
[39,29] 97.584
[40,29] 69.44
[41,29] 87.9
[42,29] 73.942
[43,29] 46.532
[44,29] 70.726
[45,29] 36.508
[46,29] 85.687
[47,29] 27.268
[48,29] 26.768
[49,29] 4.706
[50,29] 77.091
[51,29] 67.505
[52,29] 64.059
[53,29] 30.32
[54,29] 33.34
[55,29] 81.616
[56,29] 91.936
[57,29] 31.555
[58,29] 52.428
[59,29] 12.376
[60,29] 36.072
[61,29] 45.996
[62,29] 60.486
[63,29] 0.409
[64,29] 82.706
[65,29] 26.421
[66,29] 88.5
[67,29] 63.672
[68,29] 87.194
[69,29] 90.159
[70,29] 49.616
[71,29] 71.97
[72,29] 35.858
[73,29] 4.115
[74,29] 90.066
[75,29] 36.802
[76,29] 84.406
[77,29] 41.701
[78,29] 92.566
[79,29] 28.163
[80,29] 20.073
[1,30] 42.184
[2,30] 60.634
[3,30] 86.143
[4,30] 43.607
[5,30] 57.379
[6,30] 39.183
[7,30] 95.615
[8,30] 5.312
[9,30] 75.424
[10,30] 22.103
[11,30] 95.646
[12,30] 43.277
[13,30] 34.826
[14,30] 99.001
[15,30] 77.848
[16,30] 11.75
[17,30] 25.607
[18,30] 66.014
[19,30] 57.15
[20,30] 92.638
[21,30] 48.091
[22,30] 30.377
[23,30] 66.428
[24,30] 15.974
[25,30] 23.543
[26,30] 35.636
[27,30] 20.157
[28,30] 39.879
[29,30] 23.868
[31,30] 50.403
[32,30] 84.229
[33,30] 17.871
[34,30] 79.846
[35,30] 30.907
[36,30] 37.496
[37,30] 23.007
[38,30] 86.021
[39,30] 85.515
[40,30] 22.242
[41,30] 64.542
[42,30] 53.931
[43,30] 94.543
[44,30] 68.704
[45,30] 70.317
[46,30] 35.518
[47,30] 8.113
[48,30] 64.269
[49,30] 65.198
[50,30] 8.091
[51,30] 41.857
[52,30] 42.64
[53,30] 63.339
[54,30] 81.796
[55,30] 89.963
[56,30] 98.693
[57,30] 48.495
[58,30] 61.006
[59,30] 30.333
[60,30] 49.57
[61,30] 51.219
[62,30] 11.883
[63,30] 31.567
[64,30] 49.451
[65,30] 48.957
[66,30] 81.781
[67,30] 4.241
[68,30] 58.972
[69,30] 75.925
[70,30] 33.075
[71,30] 55.727
[72,30] 43.519
[73,30] 41.98
[74,30] 47.393
[75,30] 19.188
[76,30] 11.19
[77,30] 4.577
[78,30] 6.052
[79,30] 85.145
[80,30] 96.887
[1,31] 84
[2,31] 80.037
[3,31] 34.541
[4,31] 85.235
[5,31] 79.816
[6,31] 22.597
[7,31] 36.935
[8,31] 30.857
[9,31] 27.688
[10,31] 13.964
[11,31] 17.145
[12,31] 10.942
[13,31] 34.528
[14,31] 27.46
[15,31] 44.344
[16,31] 17.997
[17,31] 25.554
[18,31] 9.795
[19,31] 11.401
[20,31] 74.899
[21,31] 16.176
[22,31] 80.063
[23,31] 74.232
[24,31] 95.119
[25,31] 78.446
[26,31] 37.405
[27,31] 86.055
[28,31] 69.921
[29,31] 82.992
[30,31] 63.773
[32,31] 37.978
[33,31] 54.932
[34,31] 97.758
[35,31] 3.712
[36,31] 34.769
[37,31] 62.886
[38,31] 46.683
[39,31] 12.019
[40,31] 18.124
[41,31] 25.663
[42,31] 81.321
[43,31] 47.156
[44,31] 30.815
[45,31] 34.289
[46,31] 57.45
[47,31] 44.167
[48,31] 25.246
[49,31] 24.71
[50,31] 10.036
[51,31] 35.451
[52,31] 70.839
[53,31] 68.751
[54,31] 13.284
[55,31] 46.032
[56,31] 25.924
[57,31] 43.29
[58,31] 50.482
[59,31] 21.024
[60,31] 54.64
[61,31] 26.546
[62,31] 98.849
[63,31] 4.562
[64,31] 8.474
[65,31] 96.536
[66,31] 25.313
[67,31] 70.146
[68,31] 71.481
[69,31] 55.87
[70,31] 88.541
[71,31] 45.609
[72,31] 81.579
[73,31] 8.272
[74,31] 92.059
[75,31] 82.856
[76,31] 45.756
[77,31] 78.321
[78,31] 20.345
[79,31] 10.112
[80,31] 15.911
[1,32] 38.066
[2,32] 84.497
[3,32] 53.099
[4,32] 67.163
[5,32] 16.237
[6,32] 45.411
[7,32] 56.531
[8,32] 49.429
[9,32] 94.296
[10,32] 69.178
[11,32] 30.531
[12,32] 96.548
[13,32] 72.123
[14,32] 32.403
[15,32] 83.245
[16,32] 56.942
[17,32] 33.236
[18,32] 61.252
[19,32] 98.914
[20,32] 14.128
[21,32] 12.805
[22,32] 83.005
[23,32] 46.806
[24,32] 13.444
[25,32] 68.212
[26,32] 11.316
[27,32] 5.6
[28,32] 21.068
[29,32] 31.021
[30,32] 41.624
[31,32] 69.744
[33,32] 54.207
[34,32] 51.37
[35,32] 75.416
[36,32] 34.901
[37,32] 6.902
[38,32] 4.52
[39,32] 86.746
[40,32] 37.638
[41,32] 85.846
[42,32] 27.84
[43,32] 6.052
[44,32] 89.405
[45,32] 99.912
[46,32] 69.67
[47,32] 21.027
[48,32] 69.855
[49,32] 95.077
[50,32] 83.539
[51,32] 81.911
[52,32] 5.291
[53,32] 34.096
[54,32] 6.583
[55,32] 29.129
[56,32] 69.478
[57,32] 20.561
[58,32] 3.05
[59,32] 71.738
[60,32] 66.505
[61,32] 84.324
[62,32] 70.233
[63,32] 49.416
[64,32] 28.173
[65,32] 89.563
[66,32] 32.788
[67,32] 25.373
[68,32] 37.644
[69,32] 24.394
[70,32] 63.801
[71,32] 42.473
[72,32] 86.755
[73,32] 5.145
[74,32] 81.272
[75,32] 51.145
[76,32] 45.148
[77,32] 41.314
[78,32] 27.667
[79,32] 12.398
[80,32] 54.722
[1,33] 4.496
[2,33] 63.324
[3,33] 64.087
[4,33] 93.421
[5,33] 60.951
[6,33] 27.851
[7,33] 34.191
[8,33] 52.947
[9,33] 75.431
[10,33] 93.743
[11,33] 95.128
[12,33] 92.259
[13,33] 77.848
[14,33] 54.496
[15,33] 49.069
[16,33] 80.158
[17,33] 82.712
[18,33] 43.442
[19,33] 8.476
[20,33] 56.949
[21,33] 81.207
[22,33] 16.353
[23,33] 82.255
[24,33] 11.049
[25,33] 3.342
[26,33] 59.415
[27,33] 97.411
[28,33] 13.511
[29,33] 59.447
[30,33] 36.522
[31,33] 27.57
[32,33] 24.475
[34,33] 6.055
[35,33] 85.304
[36,33] 9.743
[37,33] 4.46
[38,33] 51.365
[39,33] 91.634
[40,33] 97.18
[41,33] 36.801
[42,33] 65.162
[43,33] 63.212
[44,33] 51.94
[45,33] 61.998
[46,33] 47.731
[47,33] 96.707
[48,33] 86.64
[49,33] 9.149
[50,33] 18.698
[51,33] 40.993
[52,33] 40.766
[53,33] 95.896
[54,33] 76.191
[55,33] 92.243
[56,33] 25.841
[57,33] 38.126
[58,33] 88.328
[59,33] 50.565
[60,33] 55.331
[61,33] 3.369
[62,33] 4.297
[63,33] 91.562
[64,33] 52.97
[65,33] 38.887
[66,33] 88.611
[67,33] 25.885
[68,33] 99.442
[69,33] 3.33
[70,33] 87.1
[71,33] 88.108
[72,33] 3.141
[73,33] 77.184
[74,33] 8.569
[75,33] 47.444
[76,33] 86.039
[77,33] 71.44
[78,33] 55.22
[79,33] 55.601
[80,33] 41.437
[1,34] 94.609
[2,34] 81.005
[3,34] 60.779
[4,34] 15.126
[5,34] 29.039
[6,34] 81.381
[7,34] 56.384
[8,34] 59.466
[9,34] 77.44
[10,34] 60.569
[11,34] 60.388
[12,34] 80.836
[13,34] 96.395
[14,34] 70.211
[15,34] 45.894
[16,34] 80.807
[17,34] 54.079
[18,34] 63.984
[19,34] 1.64
[20,34] 16.24
[21,34] 74.871
[22,34] 42.59
[23,34] 79.105
[24,34] 54.197
[25,34] 57.394
[26,34] 32.281
[27,34] 87.714
[28,34] 77.594
[29,34] 70.741
[30,34] 58.257
[31,34] 59.622
[32,34] 50.246
[33,34] 51.004
[35,34] 45.947
[36,34] 1.089
[37,34] 51.577
[38,34] 48.908
[39,34] 22.167
[40,34] 28.119
[41,34] 31.005
[42,34] 57.215
[43,34] 67.365
[44,34] 56.304
[45,34] 29.182
[46,34] 77.599
[47,34] 41.938
[48,34] 14.801
[49,34] 59.31
[50,34] 92.88
[51,34] 58.622
[52,34] 30.423
[53,34] 22.773
[54,34] 66.071
[55,34] 24.468
[56,34] 32.539
[57,34] 97.309
[58,34] 81.337
[59,34] 84.823
[60,34] 58.69
[61,34] 25.165
[62,34] 23.745
[63,34] 4.107
[64,34] 21.628
[65,34] 20.254
[66,34] 8.236
[67,34] 37.47
[68,34] 77.086
[69,34] 53.36
[70,34] 99.881
[71,34] 43.419
[72,34] 86.332
[73,34] 37.997
[74,34] 58.927
[75,34] 58.9
[76,34] 34.48
[77,34] 65.373
[78,34] 26.781
[79,34] 84.895
[80,34] 63.154
[1,35] 79.483
[2,35] 30.355
[3,35] 39.071
[4,35] 96.264
[5,35] 71.275
[6,35] 49.585
[7,35] 15.788
[8,35] 80.117
[9,35] 52.376
[10,35] 82.558
[11,35] 41.08
[12,35] 79.262
[13,35] 12.935
[14,35] 72.46
[15,35] 89.397
[16,35] 65.755
[17,35] 38.883
[18,35] 88.805
[19,35] 14.064
[20,35] 30.329
[21,35] 82.217
[22,35] 22.664
[23,35] 55.128
[24,35] 25.425
[25,35] 80.405
[26,35] 11.763
[27,35] 39.298
[28,35] 59.441
[29,35] 8.728
[30,35] 13.951
[31,35] 50.809
[32,35] 23.794
[33,35] 19.594
[34,35] 60.769
[36,35] 1.812
[37,35] 16.129
[38,35] 22.515
[39,35] 79.178
[40,35] 44.897
[41,35] 60.922
[42,35] 23.082
[43,35] 86
[44,35] 58.776
[45,35] 86.057
[46,35] 47.988
[47,35] 7.326
[48,35] 29.468
[49,35] 18.244
[50,35] 3.33
[51,35] 3.493
[52,35] 37.528
[53,35] 67.431
[54,35] 39.499
[55,35] 61.864
[56,35] 4.383
[57,35] 92.63
[58,35] 22.718
[59,35] 78.672
[60,35] 65.778
[61,35] 3.327
[62,35] 7
[63,35] 60.208
[64,35] 39.295
[65,35] 74.592
[66,35] 31.246
[67,35] 41.094
[68,35] 96.598
[69,35] 1.501
[70,35] 48.592
[71,35] 9.317
[72,35] 18.413
[73,35] 19.979
[74,35] 43.142
[75,35] 71.215
[76,35] 32.531
[77,35] 50.116
[78,35] 96.083
[79,35] 74.49
[80,35] 1.722
[1,36] 45.353
[2,36] 79.74
[3,36] 77.582
[4,36] 77.751
[5,36] 11.127
[6,36] 14.763
[7,36] 46.793
[8,36] 46.048
[9,36] 96.559
[10,36] 57.918
[11,36] 27.374
[12,36] 82.234
[13,36] 4.105
[14,36] 23.923
[15,36] 27.453
[16,36] 7.392
[17,36] 70.117
[18,36] 71.634
[19,36] 18.595
[20,36] 82.151
[21,36] 44.7
[22,36] 72.155
[23,36] 10.267
[24,36] 47.218
[25,36] 46.139
[26,36] 6.607
[27,36] 83.799
[28,36] 21.722
[29,36] 41.666
[30,36] 40.135
[31,36] 44.635
[32,36] 75.318
[33,36] 61.519
[34,36] 58.929
[35,36] 0.78
[37,36] 21.188
[38,36] 64.383
[39,36] 43.508
[40,36] 98.488
[41,36] 11.183
[42,36] 82.159
[43,36] 28.111
[44,36] 40.255
[45,36] 68.001
[46,36] 33.576
[47,36] 47.437
[48,36] 86.981
[49,36] 49.099
[50,36] 47.612
[51,36] 72.965
[52,36] 56.095
[53,36] 13.579
[54,36] 80.797
[55,36] 76.757
[56,36] 41.149
[57,36] 66.949
[58,36] 5.981
[59,36] 56.061
[60,36] 66.902
[61,36] 74.771
[62,36] 61.19
[63,36] 41.003
[64,36] 34.662
[65,36] 15.723
[66,36] 37.348
[67,36] 88.879
[68,36] 94.685
[69,36] 91.369
[70,36] 52.708
[71,36] 92.626
[72,36] 5.92
[73,36] 10.179
[74,36] 42.639
[75,36] 87.165
[76,36] 7.508
[77,36] 66.097
[78,36] 94.163
[79,36] 30.699
[80,36] 43.997
[1,37] 87.372
[2,37] 3.239
[3,37] 27.054
[4,37] 13.859
[5,37] 25.358
[6,37] 73.63
[7,37] 97.142
[8,37] 84.204
[9,37] 18.585
[10,37] 33.176
[11,37] 42.841
[12,37] 16.149
[13,37] 5.041
[14,37] 93.49
[15,37] 67.956
[16,37] 47.601
[17,37] 90.644
[18,37] 41.754
[19,37] 99.135
[20,37] 83.407
[21,37] 73.432
[22,37] 3.972
[23,37] 64.803
[24,37] 72.567
[25,37] 39.952
[26,37] 20.589
[27,37] 33.337
[28,37] 13.003
[29,37] 75.861
[30,37] 76.097
[31,37] 34.587
[32,37] 63.469
[33,37] 40.152
[34,37] 60.16
[35,37] 43.365
[36,37] 84.642
[38,37] 74.357
[39,37] 77.053
[40,37] 12.469
[41,37] 8.924
[42,37] 65.542
[43,37] 56.332
[44,37] 92.475
[45,37] 54.908
[46,37] 73.876
[47,37] 39.327
[48,37] 47.694
[49,37] 96.789
[50,37] 41.076
[51,37] 53.632
[52,37] 99.813
[53,37] 62.336
[54,37] 2.317
[55,37] 17.323
[56,37] 56.174
[57,37] 84.928
[58,37] 11.753
[59,37] 42.634
[60,37] 31.925
[61,37] 61.625
[62,37] 64.126
[63,37] 33.594
[64,37] 63.944
[65,37] 15.411
[66,37] 34.428
[67,37] 70.245
[68,37] 79.249
[69,37] 7.354
[70,37] 64.031
[71,37] 8.819
[72,37] 10.284
[73,37] 16.001
[74,37] 35.454
[75,37] 23.14
[76,37] 14.03
[77,37] 89.259
[78,37] 4.545
[79,37] 25.651
[80,37] 71.775
[1,38] 89.602
[2,38] 32.727
[3,38] 44.667
[4,38] 48.163
[5,38] 34.983
[6,38] 89.402
[7,38] 7.738
[8,38] 73.104
[9,38] 0.884
[10,38] 73.361
[11,38] 53.501
[12,38] 42.38
[13,38] 5.881
[14,38] 50.81
[15,38] 42.86
[16,38] 26.015
[17,38] 55.559
[18,38] 53.895
[19,38] 56.815
[20,38] 95.08
[21,38] 65.271
[22,38] 3.624
[23,38] 93.32
[24,38] 64.046
[25,38] 52.611
[26,38] 95.367
[27,38] 30.856
[28,38] 16.799
[29,38] 19.599
[30,38] 91.08
[31,38] 60.634
[32,38] 42.118
[33,38] 8.609
[34,38] 58.919
[35,38] 17.272
[36,38] 22.327
[37,38] 77.5
[39,38] 45.116
[40,38] 4.033
[41,38] 59.067
[42,38] 14.875
[43,38] 56.337
[44,38] 0.138
[45,38] 90.682
[46,38] 21.653
[47,38] 64.725
[48,38] 78.74
[49,38] 72.79
[50,38] 22.037
[51,38] 67.306
[52,38] 71.114
[53,38] 94.275
[54,38] 61.45
[55,38] 54.598
[56,38] 30.164
[57,38] 30.753
[58,38] 17.375
[59,38] 59.379
[60,38] 9.776
[61,38] 52.289
[62,38] 97.906
[63,38] 52.964
[64,38] 64.237
[65,38] 14.301
[66,38] 37.163
[67,38] 0.851
[68,38] 99.152
[69,38] 98.226
[70,38] 82.769
[71,38] 25.439
[72,38] 54.697
[73,38] 27.099
[74,38] 91.114
[75,38] 6.345
[76,38] 62.22
[77,38] 0.458
[78,38] 35.208
[79,38] 86.677
[80,38] 12.328
[1,39] 16.061
[2,39] 22.795
[3,39] 72.961
[4,39] 89.229
[5,39] 30.456
[6,39] 56.274
[7,39] 93.033
[8,39] 83.442
[9,39] 38.946
[10,39] 74.312
[11,39] 90.09
[12,39] 47.262
[13,39] 40.645
[14,39] 66.234
[15,39] 99.595
[16,39] 0.719
[17,39] 75.841
[18,39] 82.081
[19,39] 64.225
[20,39] 5.81
[21,39] 99.862
[22,39] 63.527
[23,39] 1.258
[24,39] 9.737
[25,39] 47.297
[26,39] 51.229
[27,39] 46.042
[28,39] 68.533
[29,39] 69.292
[30,39] 58.004
[31,39] 75.774
[32,39] 87.609
[33,39] 89.729
[34,39] 89.294
[35,39] 73.681
[36,39] 30.789
[37,39] 83.151
[38,39] 43.492
[40,39] 41.006
[41,39] 98.928
[42,39] 44.55
[43,39] 28.917
[44,39] 40.053
[45,39] 43.221
[46,39] 36.097
[47,39] 95.125
[48,39] 23.935
[49,39] 73.478
[50,39] 97.035
[51,39] 98.293
[52,39] 47.338
[53,39] 28.967
[54,39] 60.697
[55,39] 38.984
[56,39] 26.892
[57,39] 4.583
[58,39] 35.948
[59,39] 51.834
[60,39] 91.768
[61,39] 63.53
[62,39] 73.58
[63,39] 40.7
[64,39] 59.615
[65,39] 21.102
[66,39] 1.573
[67,39] 94.33
[68,39] 19.873
[69,39] 43.152
[70,39] 63.271
[71,39] 56.477
[72,39] 83.225
[73,39] 7.941
[74,39] 76.406
[75,39] 88.787
[76,39] 91.507
[77,39] 26.242
[78,39] 96.113
[79,39] 87.211
[80,39] 65.74
[1,40] 63.562
[2,40] 25.636
[3,40] 2.013
[4,40] 5.261
[5,40] 94.818
[6,40] 58.46
[7,40] 90.755
[8,40] 94.706
[9,40] 12.946
[10,40] 69.898
[11,40] 26.77
[12,40] 48.501
[13,40] 31.667
[14,40] 96.767
[15,40] 85.05
[16,40] 49.767
[17,40] 42.965
[18,40] 47.266
[19,40] 11.252
[20,40] 14.874
[21,40] 79.917
[22,40] 19.888
[23,40] 68.432
[24,40] 95.302
[25,40] 99.539
[26,40] 94.54
[27,40] 80.67
[28,40] 11.808
[29,40] 45.149
[30,40] 7.317
[31,40] 88.449
[32,40] 86.572
[33,40] 88.454
[34,40] 25.209
[35,40] 83.574
[36,40] 2.741
[37,40] 40.089
[38,40] 72.336
[39,40] 17.069
[41,40] 33.965
[42,40] 82.484
[43,40] 5.548
[44,40] 73.189
[45,40] 45.55
[46,40] 38.325
[47,40] 26.161
[48,40] 96.046
[49,40] 32.674
[50,40] 98.706
[51,40] 91.963
[52,40] 33.805
[53,40] 84.802
[54,40] 33.118
[55,40] 3.274
[56,40] 22.659
[57,40] 29.12
[58,40] 86.991
[59,40] 49.499
[60,40] 52.6
[61,40] 9.892
[62,40] 86.173
[63,40] 51.676
[64,40] 33.456
[65,40] 53.134
[66,40] 62.405
[67,40] 98.252
[68,40] 3.748
[69,40] 21.26
[70,40] 61.141
[71,40] 13.038
[72,40] 87.884
[73,40] 94.042
[74,40] 20.78
[75,40] 14.688
[76,40] 23.393
[77,40] 31.953
[78,40] 58.168
[79,40] 55.27
[80,40] 11.851
[1,41] 53.098
[2,41] 67.922
[3,41] 99.378
[4,41] 41.404
[5,41] 43.119
[6,41] 29.587
[7,41] 66.58
[8,41] 42.645
[9,41] 21.979
[10,41] 55.88
[11,41] 32.317
[12,41] 18.915
[13,41] 61.491
[14,41] 51.009
[15,41] 42.952
[16,41] 7.513
[17,41] 71.667
[18,41] 62.023
[19,41] 20.702
[20,41] 95.758
[21,41] 21.313
[22,41] 40.284
[23,41] 24.398
[24,41] 13.394
[25,41] 17.306
[26,41] 15.217
[27,41] 86.244
[28,41] 0.353
[29,41] 97.58
[30,41] 62.39
[31,41] 95.841
[32,41] 22.407
[33,41] 99.816
[34,41] 13.894
[35,41] 20.339
[36,41] 39.38
[37,41] 38.541
[38,41] 81.776
[39,41] 82.869
[40,41] 30.849
[42,41] 82.817
[43,41] 5.771
[44,41] 98.004
[45,41] 18.773
[46,41] 99.849
[47,41] 30.428
[48,41] 27.984
[49,41] 5.426
[50,41] 16.654
[51,41] 2.092
[52,41] 77.113
[53,41] 52.724
[54,41] 86.947
[55,41] 86.476
[56,41] 33.426
[57,41] 72.438
[58,41] 51.094
[59,41] 34.3
[60,41] 45.022
[61,41] 71.057
[62,41] 14.235
[63,41] 20.776
[64,41] 57.314
[65,41] 3.236
[66,41] 11.581
[67,41] 15.831
[68,41] 7.207
[69,41] 42.087
[70,41] 29.161
[71,41] 35.829
[72,41] 35.945
[73,41] 61.047
[74,41] 90.186
[75,41] 91.589
[76,41] 51.651
[77,41] 72.596
[78,41] 31.178
[79,41] 16.792
[80,41] 97.247
[1,42] 35.83
[2,42] 88.781
[3,42] 20.755
[4,42] 61.705
[5,42] 65.638
[6,42] 14.111
[7,42] 95.469
[8,42] 4.551
[9,42] 79.988
[10,42] 79.569
[11,42] 56.305
[12,42] 77.632
[13,42] 87.484
[14,42] 60.953
[15,42] 37.815
[16,42] 76.136
[17,42] 9.108
[18,42] 34.108
[19,42] 31.112
[20,42] 21.67
[21,42] 15.454
[22,42] 70.454
[23,42] 47.575
[24,42] 90.62
[25,42] 35.793
[26,42] 56.547
[27,42] 16.855
[28,42] 9.908
[29,42] 4.078
[30,42] 94.07
[31,42] 22.67
[32,42] 11.146
[33,42] 18.899
[34,42] 51.506
[35,42] 39.29
[36,42] 77.204
[37,42] 63.811
[38,42] 45.939
[39,42] 19.293
[40,42] 26.174
[41,42] 65.634
[43,42] 15.54
[44,42] 43.777
[45,42] 78.157
[46,42] 7.566
[47,42] 55.567
[48,42] 97.449
[49,42] 80.632
[50,42] 48.667
[51,42] 71.985
[52,42] 49.932
[53,42] 98.043
[54,42] 10.365
[55,42] 96.436
[56,42] 82.044
[57,42] 35.323
[58,42] 78.514
[59,42] 4.092
[60,42] 64.814
[61,42] 41.401
[62,42] 78.332
[63,42] 28.629
[64,42] 78.813
[65,42] 15.612
[66,42] 91.679
[67,42] 94.468
[68,42] 85.798
[69,42] 75.135
[70,42] 34.564
[71,42] 19.034
[72,42] 35.183
[73,42] 97.29
[74,42] 26.995
[75,42] 25.138
[76,42] 33.589
[77,42] 54.856
[78,42] 98.442
[79,42] 2.124
[80,42] 39.684
[1,43] 44.801
[2,43] 32.873
[3,43] 44.236
[4,43] 22.912
[5,43] 2.194
[6,43] 51.951
[7,43] 93.083
[8,43] 90.315
[9,43] 96.797
[10,43] 84.105
[11,43] 87.584
[12,43] 44.05
[13,43] 10.116
[14,43] 14.861
[15,43] 77.518
[16,43] 45.115
[17,43] 90.635
[18,43] 39.278
[19,43] 89.519
[20,43] 46.797
[21,43] 33.728
[22,43] 16.755
[23,43] 91.116
[24,43] 57.623
[25,43] 79.875
[26,43] 41.359
[27,43] 9.22
[28,43] 12.104
[29,43] 27.489
[30,43] 20.896
[31,43] 66.729
[32,43] 94.661
[33,43] 35.509
[34,43] 93.495
[35,43] 4.211
[36,43] 16.258
[37,43] 66.768
[38,43] 16.702
[39,43] 63.048
[40,43] 13.607
[41,43] 64.788
[42,43] 18.841
[44,43] 2.577
[45,43] 46.579
[46,43] 5.799
[47,43] 48.559
[48,43] 30.185
[49,43] 67.787
[50,43] 71.449
[51,43] 96.34
[52,43] 16.356
[53,43] 66.252
[54,43] 67.955
[55,43] 21.818
[56,43] 45.994
[57,43] 41.384
[58,43] 40.91
[59,43] 19.511
[60,43] 90.55
[61,43] 90.941
[62,43] 75.262
[63,43] 80.619
[64,43] 54.699
[65,43] 43.135
[66,43] 51.973
[67,43] 43.276
[68,43] 62.812
[69,43] 17.746
[70,43] 47.241
[71,43] 62.538
[72,43] 25.194
[73,43] 33.673
[74,43] 87.44
[75,43] 29.445
[76,43] 76.26
[77,43] 12.527
[78,43] 87.775
[79,43] 69.504
[80,43] 24.434
[1,44] 15.796
[2,44] 53.142
[3,44] 95.769
[4,44] 58.836
[5,44] 72.077
[6,44] 76.427
[7,44] 74.228
[8,44] 40.388
[9,44] 99.278
[10,44] 80.69
[11,44] 64.765
[12,44] 87.645
[13,44] 24.322
[14,44] 21.482
[15,44] 51.237
[16,44] 0.437
[17,44] 39.722
[18,44] 95.141
[19,44] 8.149
[20,44] 77.079
[21,44] 78.991
[22,44] 19.475
[23,44] 72.84
[24,44] 69.254
[25,44] 85.403
[26,44] 33.769
[27,44] 55.595
[28,44] 74.912
[29,44] 39.512
[30,44] 99.441
[31,44] 74.978
[32,44] 91.66
[33,44] 18.353
[34,44] 33.358
[35,44] 34.139
[36,44] 61.038
[37,44] 86.717
[38,44] 64.954
[39,44] 91.973
[40,44] 90.78
[41,44] 7.923
[42,44] 72.483
[43,44] 35.778
[45,44] 83.657
[46,44] 58.412
[47,44] 83.722
[48,44] 76.013
[49,44] 32.078
[50,44] 28.665
[51,44] 78.419
[52,44] 76.499
[53,44] 30.556
[54,44] 86.03
[55,44] 59.485
[56,44] 22.901
[57,44] 44.197
[58,44] 6.707
[59,44] 76.433
[60,44] 94.85
[61,44] 63.937
[62,44] 25.609
[63,44] 48.938
[64,44] 85.669
[65,44] 38.342
[66,44] 91.576
[67,44] 72.966
[68,44] 0.177
[69,44] 14.422
[70,44] 8.533
[71,44] 63.989
[72,44] 50.799
[73,44] 92.116
[74,44] 84.942
[75,44] 53.383
[76,44] 83.962
[77,44] 52.893
[78,44] 49.288
[79,44] 92.201
[80,44] 91.756
[1,45] 40.584
[2,45] 36.056
[3,45] 54.19
[4,45] 37.919
[5,45] 9.942
[6,45] 8.317
[7,45] 58.258
[8,45] 39.277
[9,45] 47.131
[10,45] 45.294
[11,45] 34.101
[12,45] 27.992
[13,45] 65.034
[14,45] 90.332
[15,45] 47.192
[16,45] 16.29
[17,45] 37.374
[18,45] 79.951
[19,45] 43.325
[20,45] 38.093
[21,45] 43.324
[22,45] 17.314
[23,45] 92.008
[24,45] 16.777
[25,45] 17.81
[26,45] 10.674
[27,45] 92.251
[28,45] 32.04
[29,45] 7.985
[30,45] 39.089
[31,45] 70.843
[32,45] 70.869
[33,45] 21.41
[34,45] 65.245
[35,45] 83.767
[36,45] 17.721
[37,45] 41.871
[38,45] 24.288
[39,45] 69.324
[40,45] 62
[41,45] 72.6
[42,45] 47.825
[43,45] 82.181
[44,45] 1.28
[46,45] 13.875
[47,45] 34.268
[48,45] 67.559
[49,45] 57.415
[50,45] 53.63
[51,45] 81.508
[52,45] 76.208
[53,45] 68.641
[54,45] 53.273
[55,45] 28.508
[56,45] 85.77
[57,45] 24.848
[58,45] 72.245
[59,45] 90.908
[60,45] 26.959
[61,45] 61.837
[62,45] 4.419
[63,45] 92.684
[64,45] 22.794
[65,45] 97.091
[66,45] 78.28
[67,45] 43.861
[68,45] 95.433
[69,45] 16.564
[70,45] 67.728
[71,45] 65.297
[72,45] 77.506
[73,45] 58.009
[74,45] 55.789
[75,45] 5.94
[76,45] 81.762
[77,45] 97.399
[78,45] 92.748
[79,45] 67.644
[80,45] 98.962
[1,46] 95.14
[2,46] 32.99
[3,46] 87.553
[4,46] 8.235
[5,46] 89.189
[6,46] 20.249
[7,46] 95.568
[8,46] 28.802
[9,46] 90.008
[10,46] 10.622
[11,46] 44.66
[12,46] 6.272
[13,46] 55.59
[14,46] 79.494
[15,46] 23.839
[16,46] 99.404
[17,46] 78.358
[18,46] 78.95
[19,46] 7.975
[20,46] 73.893
[21,46] 5.822
[22,46] 13.803
[23,46] 15.052
[24,46] 51.386
[25,46] 63.204
[26,46] 75.892
[27,46] 3.997
[28,46] 61.324
[29,46] 27.21
[30,46] 64.85
[31,46] 87.866
[32,46] 67.302
[33,46] 74.727
[34,46] 95.09
[35,46] 66.771
[36,46] 36.551
[37,46] 97.364
[38,46] 14.787
[39,46] 35.482
[40,46] 33.269
[41,46] 57.791
[42,46] 19.595
[43,46] 52.986
[44,46] 64.151
[45,46] 79.922
[47,46] 7.199
[48,46] 51.771
[49,46] 64.516
[50,46] 21.218
[51,46] 6.505
[52,46] 73.942
[53,46] 79.949
[54,46] 39.511
[55,46] 44.15
[56,46] 52.305
[57,46] 92.097
[58,46] 17.654
[59,46] 83.849
[60,46] 28.556
[61,46] 69.894
[62,46] 53.789
[63,46] 28.626
[64,46] 18.193
[65,46] 11.622
[66,46] 49.693
[67,46] 43.745
[68,46] 71.3
[69,46] 28.233
[70,46] 43.031
[71,46] 31.058
[72,46] 51.506
[73,46] 29.767
[74,46] 48.79
[75,46] 93.58
[76,46] 45.741
[77,46] 86.473
[78,46] 51.769
[79,46] 60.418
[80,46] 89.466
[1,47] 27.3
[2,47] 9.424
[3,47] 85.564
[4,47] 58.661
[5,47] 6.94
[6,47] 29.086
[7,47] 30.391
[8,47] 53.04
[9,47] 45.744
[10,47] 75.27
[11,47] 16.462
[12,47] 62.28
[13,47] 73.725
[14,47] 19.515
[15,47] 77.003
[16,47] 94.634
[17,47] 93.92
[18,47] 94.345
[19,47] 28.674
[20,47] 39.769
[21,47] 53.392
[22,47] 48.443
[23,47] 22.522
[24,47] 36.091
[25,47] 55.694
[26,47] 12.878
[27,47] 31.941
[28,47] 97.749
[29,47] 65.365
[30,47] 11.21
[31,47] 68.745
[32,47] 29.468
[33,47] 75.635
[34,47] 0.884
[35,47] 10.767
[36,47] 63.86
[37,47] 36.563
[38,47] 33.872
[39,47] 90.953
[40,47] 74.037
[41,47] 29.947
[42,47] 20.074
[43,47] 80.613
[44,47] 90.555
[45,47] 30.444
[46,47] 82.343
[48,47] 14.442
[49,47] 18.724
[50,47] 31.906
[51,47] 78.208
[52,47] 21.108
[53,47] 82.764
[54,47] 59.96
[55,47] 58.66
[56,47] 49.886
[57,47] 66.793
[58,47] 76.755
[59,47] 68.253
[60,47] 36.786
[61,47] 66.845
[62,47] 24.624
[63,47] 64.241
[64,47] 28.303
[65,47] 44.57
[66,47] 50.273
[67,47] 83.285
[68,47] 35.245
[69,47] 51.989
[70,47] 92.94
[71,47] 65.357
[72,47] 35.635
[73,47] 43.287
[74,47] 74.412
[75,47] 8.73
[76,47] 61.468
[77,47] 19.531
[78,47] 33.525
[79,47] 34.363
[80,47] 21.333
[1,48] 39.873
[2,48] 7.591
[3,48] 95.319
[4,48] 65.016
[5,48] 20.031
[6,48] 39.148
[7,48] 67.949
[8,48] 60.384
[9,48] 19.945
[10,48] 16.649
[11,48] 4.657
[12,48] 19.74
[13,48] 91.371
[14,48] 5.002
[15,48] 95.596
[16,48] 85.872
[17,48] 61.053
[18,48] 10.895
[19,48] 3.654
[20,48] 23.909
[21,48] 87.482
[22,48] 59.7
[23,48] 47.375
[24,48] 0.409
[25,48] 5.506
[26,48] 90.097
[27,48] 83.818
[28,48] 52.952
[29,48] 60.499
[30,48] 45.228
[31,48] 12.797
[32,48] 93.54
[33,48] 28.729
[34,48] 94.693
[35,48] 46.598
[36,48] 67.247
[37,48] 91.07
[38,48] 78.478
[39,48] 21.655
[40,48] 74.972
[41,48] 3.789
[42,48] 93.711
[43,48] 88.348
[44,48] 37.952
[45,48] 66.045
[46,48] 36.13
[47,48] 7.755
[49,48] 57.368
[50,48] 85.325
[51,48] 89.083
[52,48] 28.344
[53,48] 64.637
[54,48] 75.483
[55,48] 82.5
[56,48] 22.817
[57,48] 41.866
[58,48] 42.92
[59,48] 42.038
[60,48] 74.913
[61,48] 79.759
[62,48] 14.037
[63,48] 97.033
[64,48] 69.882
[65,48] 77.737
[66,48] 95.075
[67,48] 26.301
[68,48] 94.174
[69,48] 12.143
[70,48] 28.346
[71,48] 85.893
[72,48] 94.811
[73,48] 94.049
[74,48] 23.307
[75,48] 4.565
[76,48] 20.736
[77,48] 65.446
[78,48] 34.891
[79,48] 17.231
[80,48] 65.471
[1,49] 15.317
[2,49] 61.72
[3,49] 51.795
[4,49] 88.262
[5,49] 43.763
[6,49] 1.511
[7,49] 1.606
[8,49] 8.311
[9,49] 96.16
[10,49] 6.081
[11,49] 27.707
[12,49] 35.703
[13,49] 29.661
[14,49] 0.585
[15,49] 83.74
[16,49] 10.63
[17,49] 96.076
[18,49] 79.693
[19,49] 22.975
[20,49] 62.149
[21,49] 98.909
[22,49] 97.854
[23,49] 98.466
[24,49] 54.973
[25,49] 58.903
[26,49] 4.746
[27,49] 19.533
[28,49] 38.295
[29,49] 27.838
[30,49] 73.221
[31,49] 83.195
[32,49] 37.622
[33,49] 48.886
[34,49] 53.849
[35,49] 34.626
[36,49] 91.565
[37,49] 35.146
[38,49] 93.007
[39,49] 75.082
[40,49] 72.521
[41,49] 5.661
[42,49] 92.783
[43,49] 84.495
[44,49] 4.342
[45,49] 88.584
[46,49] 76.274
[47,49] 56.532
[48,49] 63.768
[50,49] 76.391
[51,49] 28.148
[52,49] 25.173
[53,49] 94.549
[54,49] 28.512
[55,49] 4.075
[56,49] 34.534
[57,49] 86.419
[58,49] 61.871
[59,49] 48.687
[60,49] 27.518
[61,49] 29.389
[62,49] 92.611
[63,49] 39.11
[64,49] 96.464
[65,49] 54.949
[66,49] 64.451
[67,49] 88.913
[68,49] 95.228
[69,49] 67.002
[70,49] 87.091
[71,49] 37.766
[72,49] 6.728
[73,49] 26.889
[74,49] 65.685
[75,49] 77.535
[76,49] 94.242
[77,49] 32.88
[78,49] 44.253
[79,49] 87.26
[80,49] 11.572
[1,50] 30.613
[2,50] 69.591
[3,50] 84.322
[4,50] 97.816
[5,50] 99.963
[6,50] 2.284
[7,50] 32.251
[8,50] 40.169
[9,50] 12.626
[10,50] 41.5
[11,50] 79.703
[12,50] 45.491
[13,50] 67.314
[14,50] 6.546
[15,50] 22.294
[16,50] 22.505
[17,50] 55.658
[18,50] 21.4
[19,50] 35.502
[20,50] 34.802
[21,50] 13.486
[22,50] 25.925
[23,50] 67.714
[24,50] 47.527
[25,50] 64.861
[26,50] 46.565
[27,50] 48.345
[28,50] 28.496
[29,50] 38.336
[30,50] 79.021
[31,50] 77.361
[32,50] 21.749
[33,50] 61.178
[34,50] 31.901
[35,50] 35.493
[36,50] 19.426
[37,50] 76.586
[38,50] 48.412
[39,50] 90.609
[40,50] 76.431
[41,50] 17.915
[42,50] 59.36
[43,50] 4.814
[44,50] 61.423
[45,50] 15.58
[46,50] 45.314
[47,50] 34.935
[48,50] 27.557
[49,50] 48.6
[51,50] 19.154
[52,50] 51.546
[53,50] 6.395
[54,50] 35.486
[55,50] 71.352
[56,50] 8.536
[57,50] 70.041
[58,50] 15.677
[59,50] 21.442
[60,50] 95.458
[61,50] 59.243
[62,50] 32.981
[63,50] 85.742
[64,50] 72.476
[65,50] 39.639
[66,50] 60.792
[67,50] 80.344
[68,50] 60.908
[69,50] 21.845
[70,50] 82.856
[71,50] 48.903
[72,50] 46.107
[73,50] 74.315
[74,50] 46.506
[75,50] 9.462
[76,50] 92
[77,50] 83.265
[78,50] 22.605
[79,50] 51.711
[80,50] 2.132
[1,51] 5.509
[2,51] 13.257
[3,51] 38.797
[4,51] 98.003
[5,51] 47.981
[6,51] 44.438
[7,51] 52.954
[8,51] 29.728
[9,51] 95.718
[10,51] 32.268
[11,51] 28.97
[12,51] 66.653
[13,51] 64.91
[14,51] 28.723
[15,51] 52.265
[16,51] 27.26
[17,51] 60.009
[18,51] 45.239
[19,51] 95.907
[20,51] 21.595
[21,51] 81.674
[22,51] 4.008
[23,51] 39.582
[24,51] 34.349
[25,51] 0.834
[26,51] 63.085
[27,51] 7.108
[28,51] 76.259
[29,51] 4.552
[30,51] 48.84
[31,51] 77.335
[32,51] 8.498
[33,51] 44.292
[34,51] 86.387
[35,51] 1.702
[36,51] 19.251
[37,51] 65.865
[38,51] 55.035
[39,51] 13.814
[40,51] 44.467
[41,51] 67.069
[42,51] 68.797
[43,51] 21.731
[44,51] 61.782
[45,51] 56.192
[46,51] 7.071
[47,51] 49.78
[48,51] 36.753
[49,51] 93.853
[50,51] 98.275
[52,51] 5.822
[53,51] 17.328
[54,51] 74.337
[55,51] 4.159
[56,51] 15.274
[57,51] 7.07
[58,51] 1.9
[59,51] 44.281
[60,51] 25.585
[61,51] 23.599
[62,51] 49.908
[63,51] 51.26
[64,51] 93.284
[65,51] 44.324
[66,51] 50.519
[67,51] 50.55
[68,51] 87.208
[69,51] 82.025
[70,51] 72.912
[71,51] 68.49
[72,51] 83.514
[73,51] 30.481
[74,51] 3.576
[75,51] 35.9
[76,51] 37.083
[77,51] 57.044
[78,51] 55.359
[79,51] 21.076
[80,51] 35.44
[1,52] 87.204
[2,52] 79.953
[3,52] 93.23
[4,52] 61.155
[5,52] 47.49
[6,52] 15.523
[7,52] 83.835
[8,52] 92.719
[9,52] 72.898
[10,52] 83.005
[11,52] 57.3
[12,52] 77.989
[13,52] 51.034
[14,52] 52.59
[15,52] 44.088
[16,52] 19.191
[17,52] 47.62
[18,52] 0.505
[19,52] 68.887
[20,52] 23.736
[21,52] 64.263
[22,52] 92.702
[23,52] 43.695
[24,52] 91.96
[25,52] 4.947
[26,52] 67.926
[27,52] 26.581
[28,52] 50.132
[29,52] 51.595
[30,52] 6.077
[31,52] 50.294
[32,52] 29.337
[33,52] 58.858
[34,52] 89.532
[35,52] 64.086
[36,52] 84.967
[37,52] 48.744
[38,52] 71.479
[39,52] 14.015
[40,52] 98.376
[41,52] 43.217
[42,52] 0.794
[43,52] 56.518
[44,52] 11.813
[45,52] 51.483
[46,52] 16.609
[47,52] 5.788
[48,52] 71.148
[49,52] 31.986
[50,52] 53.166
[51,52] 45.439
[53,52] 18.942
[54,52] 17.345
[55,52] 58.502
[56,52] 52.941
[57,52] 49.839
[58,52] 69.244
[59,52] 85.682
[60,52] 82.516
[61,52] 36.5
[62,52] 41.243
[63,52] 49.333
[64,52] 25.749
[65,52] 44.925
[66,52] 95.261
[67,52] 29.947
[68,52] 68.312
[69,52] 27.507
[70,52] 20.095
[71,52] 47.795
[72,52] 96.172
[73,52] 4.163
[74,52] 60.968
[75,52] 80.711
[76,52] 76.169
[77,52] 80.132
[78,52] 76.171
[79,52] 24.002
[80,52] 33.391
[1,53] 17.625
[2,53] 2.181
[3,53] 13.052
[4,53] 43.137
[5,53] 74.527
[6,53] 67.019
[7,53] 81.347
[8,53] 12.933
[9,53] 32.608
[10,53] 2.816
[11,53] 21.295
[12,53] 57.071
[13,53] 1.844
[14,53] 89.541
[15,53] 11.629
[16,53] 3.684
[17,53] 53.721
[18,53] 23.204
[19,53] 94.427
[20,53] 84.838
[21,53] 79.996
[22,53] 49.54
[23,53] 13.123
[24,53] 18.327
[25,53] 74.168
[26,53] 16.692
[27,53] 75.551
[28,53] 70.219
[29,53] 31.727
[30,53] 32.944
[31,53] 40.793
[32,53] 85.243
[33,53] 1.1
[34,53] 46.699
[35,53] 9.559
[36,53] 89.673
[37,53] 95.777
[38,53] 27.5
[39,53] 9.834
[40,53] 0.716
[41,53] 50.763
[42,53] 51.399
[43,53] 70.687
[44,53] 14.258
[45,53] 6.993
[46,53] 99.603
[47,53] 58.604
[48,53] 30.654
[49,53] 83.239
[50,53] 20.061
[51,53] 79.515
[52,53] 80.603
[54,53] 57.425
[55,53] 70.625
[56,53] 10.379
[57,53] 37.658
[58,53] 44.159
[59,53] 95.285
[60,53] 7.449
[61,53] 78.334
[62,53] 87.23
[63,53] 21.323
[64,53] 72.534
[65,53] 73.843
[66,53] 2.752
[67,53] 72.25
[68,53] 5.19
[69,53] 76.08
[70,53] 7.702
[71,53] 29.557
[72,53] 31.111
[73,53] 88.86
[74,53] 16.825
[75,53] 28.073
[76,53] 80.449
[77,53] 32.834
[78,53] 66.411
[79,53] 10.495
[80,53] 84.698
[1,54] 68.094
[2,54] 74.668
[3,54] 40.044
[4,54] 6.593
[5,54] 52.177
[6,54] 20.202
[7,54] 27.469
[8,54] 89.089
[9,54] 70.436
[10,54] 87.876
[11,54] 40.923
[12,54] 13.955
[13,54] 39.39
[14,54] 43.659
[15,54] 55.512
[16,54] 66.279
[17,54] 95.278
[18,54] 67.421
[19,54] 88.233
[20,54] 3.707
[21,54] 34.101
[22,54] 87.982
[23,54] 84.838
[24,54] 39.57
[25,54] 48.58
[26,54] 33.34
[27,54] 89.999
[28,54] 13.491
[29,54] 18.278
[30,54] 11.441
[31,54] 7.679
[32,54] 21.455
[33,54] 56.76
[34,54] 47.157
[35,54] 28.862
[36,54] 54.701
[37,54] 16.981
[38,54] 28.802
[39,54] 57.473
[40,54] 91.371
[41,54] 63.11
[42,54] 78.282
[43,54] 8.633
[44,54] 15.85
[45,54] 62.084
[46,54] 88.153
[47,54] 56.725
[48,54] 24.702
[49,54] 24.877
[50,54] 71.209
[51,54] 13.912
[52,54] 25.213
[53,54] 82.16
[55,54] 24.14
[56,54] 96.544
[57,54] 75.549
[58,54] 94.84
[59,54] 40.384
[60,54] 36.625
[61,54] 87.47
[62,54] 50.177
[63,54] 70.764
[64,54] 33.506
[65,54] 39.339
[66,54] 93.104
[67,54] 86.826
[68,54] 46.307
[69,54] 62.073
[70,54] 95.569
[71,54] 11.971
[72,54] 15.659
[73,54] 6.992
[74,54] 44.686
[75,54] 52.901
[76,54] 23.161
[77,54] 31.502
[78,54] 49.182
[79,54] 37.202
[80,54] 74.365
[1,55] 2.038
[2,55] 55.621
[3,55] 48.731
[4,55] 85.606
[5,55] 27.65
[6,55] 56.828
[7,55] 58.638
[8,55] 55.311
[9,55] 58.299
[10,55] 94.127
[11,55] 2.849
[12,55] 55.387
[13,55] 42.788
[14,55] 92.286
[15,55] 43.443
[16,55] 61.071
[17,55] 49.237
[18,55] 63.987
[19,55] 1.215
[20,55] 35.87
[21,55] 82.3
[22,55] 99.207
[23,55] 61.365
[24,55] 97.296
[25,55] 90.99
[26,55] 63.66
[27,55] 96.855
[28,55] 44.061
[29,55] 80.577
[30,55] 23.229
[31,55] 76.971
[32,55] 94.507
[33,55] 91.039
[34,55] 83.771
[35,55] 52.088
[36,55] 65.465
[37,55] 60.266
[38,55] 42.784
[39,55] 65.133
[40,55] 26.194
[41,55] 28.432
[42,55] 9.348
[43,55] 67.365
[44,55] 29.977
[45,55] 0.334
[46,55] 77.61
[47,55] 44.927
[48,55] 30.548
[49,55] 16.178
[50,55] 81.591
[51,55] 6.608
[52,55] 0.129
[53,55] 33.435
[54,55] 40.631
[56,55] 86.179
[57,55] 76.264
[58,55] 68.041
[59,55] 56.818
[60,55] 25.337
[61,55] 4.391
[62,55] 30.672
[63,55] 57.331
[64,55] 9.739
[65,55] 57.45
[66,55] 19.019
[67,55] 99.763
[68,55] 2.959
[69,55] 9.942
[70,55] 40.602
[71,55] 25.895
[72,55] 63.144
[73,55] 42.8
[74,55] 41.708
[75,55] 9.799
[76,55] 61.693
[77,55] 69.484
[78,55] 68.887
[79,55] 36.078
[80,55] 37.886
[1,56] 89.415
[2,56] 16.441
[3,56] 36.257
[4,56] 45.362
[5,56] 3.623
[6,56] 94.259
[7,56] 33.562
[8,56] 37.033
[9,56] 32.574
[10,56] 4.906
[11,56] 52.324
[12,56] 48.385
[13,56] 67.581
[14,56] 57.735
[15,56] 49.58
[16,56] 78.436
[17,56] 81.231
[18,56] 13.509
[19,56] 81.271
[20,56] 67.309
[21,56] 28.529
[22,56] 82.853
[23,56] 24.683
[24,56] 83.708
[25,56] 28.106
[26,56] 84.366
[27,56] 79.486
[28,56] 61.369
[29,56] 15.716
[30,56] 17.233
[31,56] 0.052
[32,56] 33.171
[33,56] 48.185
[34,56] 52.052
[35,56] 32.755
[36,56] 41.049
[37,56] 65.91
[38,56] 67.181
[39,56] 43.848
[40,56] 96.039
[41,56] 73.972
[42,56] 59.238
[43,56] 30.569
[44,56] 66.417
[45,56] 70.884
[46,56] 70.359
[47,56] 67.727
[48,56] 13.945
[49,56] 20.006
[50,56] 33.929
[51,56] 93.899
[52,56] 98.252
[53,56] 66.313
[54,56] 31.522
[55,56] 28.739
[57,56] 75.437
[58,56] 55.977
[59,56] 95.857
[60,56] 40.92
[61,56] 51.272
[62,56] 83.413
[63,56] 84.306
[64,56] 32.28
[65,56] 26.416
[66,56] 10.9
[67,56] 4.867
[68,56] 80.498
[69,56] 89.04
[70,56] 59.198
[71,56] 96.215
[72,56] 53.141
[73,56] 86.862
[74,56] 4.62
[75,56] 40.296
[76,56] 28.171
[77,56] 9.864
[78,56] 13.727
[79,56] 86.093
[80,56] 87.562
[1,57] 16.191
[2,57] 21.748
[3,57] 66.208
[4,57] 80.145
[5,57] 83.328
[6,57] 31.397
[7,57] 21.702
[8,57] 40.581
[9,57] 84.445
[10,57] 37.161
[11,57] 83.21
[12,57] 40.959
[13,57] 54.514
[14,57] 15.496
[15,57] 60.478
[16,57] 49.274
[17,57] 99.273
[18,57] 71.923
[19,57] 1.869
[20,57] 34.26
[21,57] 23.63
[22,57] 63.599
[23,57] 82.33
[24,57] 93.663
[25,57] 91.819
[26,57] 1.868
[27,57] 63.566
[28,57] 66.875
[29,57] 54.475
[30,57] 95.189
[31,57] 68.258
[32,57] 54.471
[33,57] 42.101
[34,57] 24.421
[35,57] 26.111
[36,57] 13.21
[37,57] 36.724
[38,57] 93.735
[39,57] 54.024
[40,57] 50.564
[41,57] 69.99
[42,57] 7.184
[43,57] 42.87
[44,57] 27.501
[45,57] 68.476
[46,57] 43.487
[47,57] 38.867
[48,57] 43.818
[49,57] 10.708
[50,57] 59.735
[51,57] 94.639
[52,57] 32.861
[53,57] 70.488
[54,57] 5.965
[55,57] 35.788
[56,57] 59.726
[58,57] 21.64
[59,57] 53.899
[60,57] 99.253
[61,57] 71.773
[62,57] 80.271
[63,57] 69.374
[64,57] 23.855
[65,57] 74.466
[66,57] 93.018
[67,57] 63.43
[68,57] 48.734
[69,57] 62.425
[70,57] 75.376
[71,57] 4.053
[72,57] 21.008
[73,57] 49.41
[74,57] 68.193
[75,57] 64.241
[76,57] 73.572
[77,57] 16.548
[78,57] 51.71
[79,57] 47.619
[80,57] 68.079
[1,58] 15.491
[2,58] 94.816
[3,58] 23.65
[4,58] 39.868
[5,58] 8.85
[6,58] 24.743
[7,58] 53.988
[8,58] 62.979
[9,58] 24.799
[10,58] 96.727
[11,58] 62.351
[12,58] 2.038
[13,58] 28.677
[14,58] 30.713
[15,58] 13.328
[16,58] 6.338
[17,58] 77.405
[18,58] 97.465
[19,58] 79.464
[20,58] 61.727
[21,58] 90.751
[22,58] 33.618
[23,58] 7.462
[24,58] 85.942
[25,58] 19.528
[26,58] 48.003
[27,58] 91.001
[28,58] 36.257
[29,58] 19.655
[30,58] 70.577
[31,58] 90.672
[32,58] 57.884
[33,58] 94.848
[34,58] 37.977
[35,58] 56.839
[36,58] 65.371
[37,58] 95.754
[38,58] 90.16
[39,58] 30.72
[40,58] 58.556
[41,58] 38.567
[42,58] 50.853
[43,58] 48.242
[44,58] 42.183
[45,58] 37.11
[46,58] 74.799
[47,58] 25.803
[48,58] 93.175
[49,58] 49.238
[50,58] 38.931
[51,58] 66.315
[52,58] 22.78
[53,58] 45.28
[54,58] 79.549
[55,58] 35.957
[56,58] 84.482
[57,58] 65.925
[59,58] 23.609
[60,58] 62.232
[61,58] 12.857
[62,58] 56.31
[63,58] 2.518
[64,58] 44.214
[65,58] 99.413
[66,58] 98.795
[67,58] 78.665
[68,58] 36.332
[69,58] 37.402
[70,58] 25.489
[71,58] 68.933
[72,58] 57.613
[73,58] 70.28
[74,58] 13.139
[75,58] 37.679
[76,58] 10.972
[77,58] 46.029
[78,58] 77.641
[79,58] 8.79
[80,58] 95.773
[1,59] 69.981
[2,59] 85.658
[3,59] 37.033
[4,59] 38.976
[5,59] 58.535
[6,59] 80.468
[7,59] 69.106
[8,59] 85.455
[9,59] 69.41
[10,59] 77.781
[11,59] 80.63
[12,59] 17.581
[13,59] 82.589
[14,59] 26.685
[15,59] 2.318
[16,59] 25.549
[17,59] 94.237
[18,59] 31.167
[19,59] 28.791
[20,59] 65.494
[21,59] 33.208
[22,59] 23.087
[23,59] 54.33
[24,59] 14.262
[25,59] 4.579
[26,59] 92.189
[27,59] 52.172
[28,59] 22.28
[29,59] 87.371
[30,59] 86.469
[31,59] 10.639
[32,59] 18.798
[33,59] 38.708
[34,59] 66.517
[35,59] 23.936
[36,59] 91.657
[37,59] 93.03
[38,59] 84.679
[39,59] 13.544
[40,59] 49.792
[41,59] 71.539
[42,59] 95.773
[43,59] 44.863
[44,59] 71.481
[45,59] 66.304
[46,59] 90.47
[47,59] 65.034
[48,59] 84.594
[49,59] 98.14
[50,59] 2.502
[51,59] 27.399
[52,59] 36.716
[53,59] 4.489
[54,59] 89.586
[55,59] 42.326
[56,59] 82.773
[57,59] 91.364
[58,59] 83.978
[60,59] 68.621
[61,59] 29.787
[62,59] 45.717
[63,59] 99.434
[64,59] 7.047
[65,59] 30.607
[66,59] 47.816
[67,59] 68.804
[68,59] 6.222
[69,59] 99.694
[70,59] 7.131
[71,59] 77.899
[72,59] 25.173
[73,59] 90.107
[74,59] 22.297
[75,59] 57.011
[76,59] 11.315
[77,59] 58.017
[78,59] 41.291
[79,59] 89.596
[80,59] 7.458
[1,60] 94.107
[2,60] 63.079
[3,60] 57.363
[4,60] 66.17
[5,60] 84.127
[6,60] 84.144
[7,60] 15.592
[8,60] 94.29
[9,60] 31.127
[10,60] 4.91
[11,60] 0.225
[12,60] 59.264
[13,60] 24.325
[14,60] 70.013
[15,60] 18.503
[16,60] 99.323
[17,60] 44.116
[18,60] 97.656
[19,60] 7.388
[20,60] 96.743
[21,60] 7.501
[22,60] 89.721
[23,60] 96.562
[24,60] 4.365
[25,60] 41.852
[26,60] 17.949
[27,60] 26.411
[28,60] 1.629
[29,60] 33.544
[30,60] 14.379
[31,60] 38.03
[32,60] 43.146
[33,60] 33.193
[34,60] 28.059
[35,60] 94.254
[36,60] 41.247
[37,60] 87.12
[38,60] 52.079
[39,60] 53.978
[40,60] 47.973
[41,60] 53.848
[42,60] 50.584
[43,60] 31.559
[44,60] 54.519
[45,60] 27.654
[46,60] 63.546
[47,60] 71.815
[48,60] 26.367
[49,60] 67.818
[50,60] 10.332
[51,60] 0.934
[52,60] 47.483
[53,60] 97.256
[54,60] 41.763
[55,60] 22.906
[56,60] 96.353
[57,60] 25.729
[58,60] 34.248
[59,60] 70.639
[61,60] 11.992
[62,60] 53.036
[63,60] 44.649
[64,60] 53.39
[65,60] 46.447
[66,60] 74.013
[67,60] 14.043
[68,60] 44.842
[69,60] 33.192
[70,60] 37.647
[71,60] 37.017
[72,60] 90.816
[73,60] 19.274
[74,60] 50.195
[75,60] 31.571
[76,60] 58.398
[77,60] 91.791
[78,60] 21.899
[79,60] 42.634
[80,60] 9.999
[1,61] 36.943
[2,61] 65.987
[3,61] 25.878
[4,61] 80.627
[5,61] 60.049
[6,61] 34.342
[7,61] 39.854
[8,61] 52.259
[9,61] 24.8
[10,61] 32.776
[11,61] 18.65
[12,61] 93.148
[13,61] 3.399
[14,61] 48.973
[15,61] 49.196
[16,61] 73.628
[17,61] 98.15
[18,61] 24.4
[19,61] 54.531
[20,61] 19.864
[21,61] 95.529
[22,61] 89.555
[23,61] 12.879
[24,61] 60.563
[25,61] 63.316
[26,61] 35.489
[27,61] 67.113
[28,61] 98.135
[29,61] 26.44
[30,61] 64.235
[31,61] 93.855
[32,61] 16.025
[33,61] 0.518
[34,61] 25.401
[35,61] 91.258
[36,61] 93.478
[37,61] 15.513
[38,61] 39.124
[39,61] 46.403
[40,61] 96.936
[41,61] 62.168
[42,61] 94.791
[43,61] 93.874
[44,61] 29.96
[45,61] 52.646
[46,61] 30.802
[47,61] 53.119
[48,61] 76.268
[49,61] 74.796
[50,61] 97.525
[51,61] 0.813
[52,61] 61.283
[53,61] 47.904
[54,61] 78.296
[55,61] 26.929
[56,61] 38.966
[57,61] 92.544
[58,61] 16.947
[59,61] 42.183
[60,61] 75.22
[62,61] 28.065
[63,61] 80.247
[64,61] 62.248
[65,61] 95.965
[66,61] 69.847
[67,61] 57.89
[68,61] 91.19
[69,61] 30.527
[70,61] 52.678
[71,61] 38.242
[72,61] 32.54
[73,61] 16.589
[74,61] 99.538
[75,61] 90.277
[76,61] 95.972
[77,61] 26.46
[78,61] 13.201
[79,61] 3.155
[80,61] 52.522
[1,62] 35.374
[2,62] 88.819
[3,62] 91.731
[4,62] 92.205
[5,62] 88.733
[6,62] 64.687
[7,62] 57.995
[8,62] 12.056
[9,62] 6.997
[10,62] 44.979
[11,62] 0.31
[12,62] 48.006
[13,62] 63.81
[14,62] 54.016
[15,62] 81.09
[16,62] 29.406
[17,62] 58.377
[18,62] 27.597
[19,62] 7.374
[20,62] 85.482
[21,62] 54.226
[22,62] 24.152
[23,62] 65.934
[24,62] 58.613
[25,62] 94.898
[26,62] 16.679
[27,62] 85.648
[28,62] 71.378
[29,62] 89.205
[30,62] 7.251
[31,62] 16.523
[32,62] 64.696
[33,62] 63.831
[34,62] 39.841
[35,62] 78.054
[36,62] 87.62
[37,62] 8.055
[38,62] 51.265
[39,62] 53.268
[40,62] 97.209
[41,62] 34.569
[42,62] 32.544
[43,62] 14.226
[44,62] 7.946
[45,62] 7.716
[46,62] 90.899
[47,62] 10.991
[48,62] 67.616
[49,62] 47.086
[50,62] 48.093
[51,62] 42.522
[52,62] 5.795
[53,62] 35.983
[54,62] 37.8
[55,62] 94.424
[56,62] 89.714
[57,62] 61.285
[58,62] 90.327
[59,62] 95.521
[60,62] 23.955
[61,62] 65.458
[63,62] 29.185
[64,62] 35.468
[65,62] 60.509
[66,62] 51.177
[67,62] 91.587
[68,62] 82.777
[69,62] 63.269
[70,62] 41.944
[71,62] 63.746
[72,62] 80.106
[73,62] 54.834
[74,62] 47.75
[75,62] 42.06
[76,62] 10.773
[77,62] 26.448
[78,62] 20
[79,62] 67.677
[80,62] 19.728
[1,63] 4.373
[2,63] 23.808
[3,63] 68.633
[4,63] 92.315
[5,63] 49.942
[6,63] 86.266
[7,63] 65.832
[8,63] 55.097
[9,63] 53.558
[10,63] 13.41
[11,63] 71.131
[12,63] 59.704
[13,63] 69.932
[14,63] 65.083
[15,63] 98.108
[16,63] 21.563
[17,63] 97.081
[18,63] 71.223
[19,63] 98.402
[20,63] 29.399
[21,63] 99.041
[22,63] 18.075
[23,63] 24.051
[24,63] 50.088
[25,63] 27.72
[26,63] 22.773
[27,63] 42.694
[28,63] 4.582
[29,63] 85.203
[30,63] 95.863
[31,63] 57.879
[32,63] 9.588
[33,63] 38.428
[34,63] 83.328
[35,63] 4.968
[36,63] 28.534
[37,63] 21.934
[38,63] 83.194
[39,63] 91.249
[40,63] 59.697
[41,63] 29.918
[42,63] 37.138
[43,63] 69.857
[44,63] 49.397
[45,63] 83.635
[46,63] 52.276
[47,63] 34.365
[48,63] 39.582
[49,63] 18.089
[50,63] 34.638
[51,63] 26.754
[52,63] 32.058
[53,63] 81.367
[54,63] 2.894
[55,63] 28.818
[56,63] 65.446
[57,63] 21.643
[58,63] 46.556
[59,63] 4.653
[60,63] 14.574
[61,63] 23.336
[62,63] 64.816
[64,63] 47.595
[65,63] 2.875
[66,63] 54.397
[67,63] 39.054
[68,63] 8.161
[69,63] 47.68
[70,63] 5.587
[71,63] 90.939
[72,63] 35.929
[73,63] 23.117
[74,63] 73.966
[75,63] 68.387
[76,63] 34.48
[77,63] 40.037
[78,63] 68.118
[79,63] 5.228
[80,63] 76.113
[1,64] 78.738
[2,64] 10.032
[3,64] 42.796
[4,64] 39.249
[5,64] 97.009
[6,64] 9.825
[7,64] 8.129
[8,64] 70.31
[9,64] 3.143
[10,64] 20.709
[11,64] 17.212
[12,64] 12.637
[13,64] 40.972
[14,64] 64.422
[15,64] 98.385
[16,64] 14.86
[17,64] 27.923
[18,64] 58.719
[19,64] 70.862
[20,64] 21.961
[21,64] 17.284
[22,64] 99.682
[23,64] 62.7
[24,64] 5.428
[25,64] 56.939
[26,64] 61.288
[27,64] 55.438
[28,64] 41.023
[29,64] 57.755
[30,64] 79.178
[31,64] 96.386
[32,64] 3.374
[33,64] 71.686
[34,64] 5.371
[35,64] 89.638
[36,64] 5.143
[37,64] 45.755
[38,64] 18.623
[39,64] 35.221
[40,64] 24.536
[41,64] 45.883
[42,64] 71.726
[43,64] 20.661
[44,64] 46.755
[45,64] 88.638
[46,64] 30.816
[47,64] 92.031
[48,64] 58.713
[49,64] 34.786
[50,64] 22.911
[51,64] 12.306
[52,64] 94.651
[53,64] 35.912
[54,64] 33.108
[55,64] 13.062
[56,64] 76.408
[57,64] 41.26
[58,64] 47.973
[59,64] 83.856
[60,64] 97.808
[61,64] 11.126
[62,64] 89.064
[63,64] 27.164
[65,64] 54.547
[66,64] 14.734
[67,64] 96.753
[68,64] 37.132
[69,64] 86.296
[70,64] 98.895
[71,64] 89.017
[72,64] 53.918
[73,64] 0.295
[74,64] 1.652
[75,64] 86.661
[76,64] 22.399
[77,64] 64.104
[78,64] 13.41
[79,64] 19.813
[80,64] 32.724
[1,65] 79.064
[2,65] 38.203
[3,65] 96.579
[4,65] 35.499
[5,65] 30.383
[6,65] 53.87
[7,65] 72.988
[8,65] 8.243
[9,65] 63.283
[10,65] 49.366
[11,65] 13.152
[12,65] 11.61
[13,65] 91.607
[14,65] 70.56
[15,65] 3.744
[16,65] 33.88
[17,65] 17.251
[18,65] 51.517
[19,65] 74.013
[20,65] 67.976
[21,65] 87.812
[22,65] 36.692
[23,65] 6.815
[24,65] 57.344
[25,65] 86.652
[26,65] 61.58
[27,65] 26.124
[28,65] 32.797
[29,65] 77.697
[30,65] 75.467
[31,65] 78.897
[32,65] 78.218
[33,65] 43.73
[34,65] 43.817
[35,65] 43.591
[36,65] 8.848
[37,65] 20.297
[38,65] 82.017
[39,65] 63.028
[40,65] 52.005
[41,65] 66.928
[42,65] 53.816
[43,65] 55.236
[44,65] 10.117
[45,65] 12.243
[46,65] 66.835
[47,65] 64.755
[48,65] 93.36
[49,65] 52.763
[50,65] 73.348
[51,65] 37.213
[52,65] 67.785
[53,65] 42.606
[54,65] 13.271
[55,65] 11.678
[56,65] 75.018
[57,65] 63.459
[58,65] 66.178
[59,65] 18.298
[60,65] 74.983
[61,65] 53.281
[62,65] 94.766
[63,65] 82.884
[64,65] 37.792
[66,65] 53.568
[67,65] 48.89
[68,65] 61.55
[69,65] 16.412
[70,65] 34.309
[71,65] 51.29
[72,65] 84.295
[73,65] 15.031
[74,65] 11.018
[75,65] 93.567
[76,65] 67.253
[77,65] 20.338
[78,65] 30.636
[79,65] 65.247
[80,65] 16.085
[1,66] 1.611
[2,66] 56.601
[3,66] 25.154
[4,66] 78.235
[5,66] 52.213
[6,66] 82.861
[7,66] 98.367
[8,66] 73.49
[9,66] 16.985
[10,66] 94.678
[11,66] 39.035
[12,66] 21.506
[13,66] 33.425
[14,66] 63.636
[15,66] 92.117
[16,66] 82.485
[17,66] 89.492
[18,66] 28.605
[19,66] 94.47
[20,66] 50.941
[21,66] 21.425
[22,66] 99.175
[23,66] 79.261
[24,66] 79.724
[25,66] 83.08
[26,66] 93.194
[27,66] 63.988
[28,66] 89.349
[29,66] 59.654
[30,66] 38.835
[31,66] 15.94
[32,66] 71.152
[33,66] 71.16
[34,66] 32.544
[35,66] 7.301
[36,66] 25.478
[37,66] 47.272
[38,66] 35.96
[39,66] 71.963
[40,66] 31.169
[41,66] 22.222
[42,66] 10.524
[43,66] 22.631
[44,66] 36.758
[45,66] 55.24
[46,66] 17.428
[47,66] 31.447
[48,66] 34.322
[49,66] 28.897
[50,66] 85.481
[51,66] 60.439
[52,66] 41.54
[53,66] 36.904
[54,66] 33.262
[55,66] 48.328
[56,66] 13.284
[57,66] 30.564
[58,66] 56.736
[59,66] 62.781
[60,66] 53.454
[61,66] 41.424
[62,66] 90.935
[63,66] 34.088
[64,66] 86.444
[65,66] 77.239
[67,66] 67.545
[68,66] 2.734
[69,66] 74.071
[70,66] 12.891
[71,66] 31.829
[72,66] 32.388
[73,66] 6.361
[74,66] 12.076
[75,66] 56.823
[76,66] 56.237
[77,66] 94.803
[78,66] 41.503
[79,66] 21.055
[80,66] 1.88
[1,67] 54.502
[2,67] 20.064
[3,67] 36.726
[4,67] 38.65
[5,67] 52.899
[6,67] 56.148
[7,67] 44.752
[8,67] 22.81
[9,67] 52.1
[10,67] 67.502
[11,67] 52.898
[12,67] 94.649
[13,67] 25.484
[14,67] 42.818
[15,67] 48.208
[16,67] 27.429
[17,67] 95.435
[18,67] 87.727
[19,67] 20.052
[20,67] 15.073
[21,67] 27.202
[22,67] 48.604
[23,67] 71.91
[24,67] 48.507
[25,67] 65.832
[26,67] 90.013
[27,67] 52.822
[28,67] 70.698
[29,67] 60.906
[30,67] 73.645
[31,67] 95.761
[32,67] 94.536
[33,67] 50.67
[34,67] 14.144
[35,67] 75.638
[36,67] 28.317
[37,67] 79.584
[38,67] 16.457
[39,67] 80.905
[40,67] 68.112
[41,67] 69.375
[42,67] 35.965
[43,67] 45.788
[44,67] 93.493
[45,67] 24.282
[46,67] 88.539
[47,67] 11.359
[48,67] 92.978
[49,67] 88.718
[50,67] 5.453
[51,67] 4.054
[52,67] 12.262
[53,67] 94.646
[54,67] 63.405
[55,67] 46.871
[56,67] 16.755
[57,67] 77.98
[58,67] 17.772
[59,67] 10.847
[60,67] 17.81
[61,67] 23.424
[62,67] 91.834
[63,67] 22.673
[64,67] 70.683
[65,67] 99.171
[66,67] 88.243
[68,67] 2.579
[69,67] 75.2
[70,67] 82.8
[71,67] 97.708
[72,67] 62.355
[73,67] 53.868
[74,67] 14.973
[75,67] 90.958
[76,67] 41.798
[77,67] 78.095
[78,67] 42.444
[79,67] 91.478
[80,67] 57.93
[1,68] 8.189
[2,68] 13.852
[3,68] 47.157
[4,68] 33.48
[5,68] 17.119
[6,68] 61.333
[7,68] 34.495
[8,68] 83.066
[9,68] 6.219
[10,68] 31.18
[11,68] 79.947
[12,68] 43.896
[13,68] 43.34
[14,68] 49.612
[15,68] 73.203
[16,68] 46.941
[17,68] 24.49
[18,68] 9.376
[19,68] 45.053
[20,68] 66.77
[21,68] 11.345
[22,68] 73.011
[23,68] 77.572
[24,68] 10.517
[25,68] 44.747
[26,68] 9.2
[27,68] 85.508
[28,68] 57.546
[29,68] 29.896
[30,68] 99.174
[31,68] 24.11
[32,68] 21.951
[33,68] 31.776
[34,68] 92.73
[35,68] 23.859
[36,68] 87.351
[37,68] 64.598
[38,68] 13.052
[39,68] 67.338
[40,68] 87.649
[41,68] 80.344
[42,68] 14.571
[43,68] 95.077
[44,68] 60.496
[45,68] 16.552
[46,68] 37.678
[47,68] 50.184
[48,68] 57.267
[49,68] 12.798
[50,68] 53.676
[51,68] 36.476
[52,68] 85.957
[53,68] 67.651
[54,68] 12.47
[55,68] 55.495
[56,68] 79.749
[57,68] 13.024
[58,68] 63.655
[59,68] 89.952
[60,68] 93.118
[61,68] 49.066
[62,68] 19.705
[63,68] 89.086
[64,68] 60.941
[65,68] 69.215
[66,68] 54.781
[67,68] 36.422
[69,68] 7.422
[70,68] 31.711
[71,68] 5.033
[72,68] 93.049
[73,68] 72.137
[74,68] 28.925
[75,68] 52.478
[76,68] 40.041
[77,68] 44.167
[78,68] 21.868
[79,68] 87.977
[80,68] 81.191
[1,69] 99.097
[2,69] 78.333
[3,69] 41.845
[4,69] 68.547
[5,69] 40.195
[6,69] 78.709
[7,69] 2.5
[8,69] 52.92
[9,69] 90.187
[10,69] 58.584
[11,69] 33.71
[12,69] 9.107
[13,69] 39.332
[14,69] 62.162
[15,69] 74.315
[16,69] 26.045
[17,69] 98.061
[18,69] 84.647
[19,69] 31.205
[20,69] 78.797
[21,69] 51.135
[22,69] 85.185
[23,69] 4.704
[24,69] 77.992
[25,69] 10.056
[26,69] 27.453
[27,69] 54.641
[28,69] 2.853
[29,69] 0.044
[30,69] 33.286
[31,69] 53.957
[32,69] 95.087
[33,69] 98.416
[34,69] 38.096
[35,69] 90.935
[36,69] 41.278
[37,69] 77.454
[38,69] 17.589
[39,69] 44.246
[40,69] 12.781
[41,69] 93.7
[42,69] 10.182
[43,69] 30.461
[44,69] 86.108
[45,69] 63.838
[46,69] 34.804
[47,69] 22.839
[48,69] 82.196
[49,69] 0.524
[50,69] 83.588
[51,69] 14.671
[52,69] 53.584
[53,69] 10.047
[54,69] 15.79
[55,69] 1.974
[56,69] 65.211
[57,69] 53.48
[58,69] 11.54
[59,69] 87.487
[60,69] 2.248
[61,69] 32.464
[62,69] 8.508
[63,69] 22.21
[64,69] 41.765
[65,69] 6.423
[66,69] 19.631
[67,69] 37.605
[68,69] 67.008
[70,69] 90.983
[71,69] 6.03
[72,69] 20.711
[73,69] 70.611
[74,69] 64.685
[75,69] 59.445
[76,69] 67.443
[77,69] 93.277
[78,69] 19.442
[79,69] 64.774
[80,69] 88.997
[1,70] 58.379
[2,70] 76.59
[3,70] 81.894
[4,70] 38.833
[5,70] 30.254
[6,70] 43.691
[7,70] 56.449
[8,70] 87.016
[9,70] 20.759
[10,70] 17.745
[11,70] 67.333
[12,70] 13.115
[13,70] 21.966
[14,70] 36.045
[15,70] 76.453
[16,70] 18.645
[17,70] 13.584
[18,70] 46.528
[19,70] 2.351
[20,70] 95.892
[21,70] 19.418
[22,70] 16.879
[23,70] 17.941
[24,70] 53.106
[25,70] 20.569
[26,70] 48.279
[27,70] 60.982
[28,70] 10.75
[29,70] 74.086
[30,70] 88.385
[31,70] 92.561
[32,70] 17.239
[33,70] 69.683
[34,70] 9.411
[35,70] 56.117
[36,70] 59.094
[37,70] 33.509
[38,70] 1.549
[39,70] 31.154
[40,70] 78.701
[41,70] 10.289
[42,70] 65.963
[43,70] 7.57
[44,70] 14.666
[45,70] 93.654
[46,70] 48.567
[47,70] 62.378
[48,70] 68.268
[49,70] 28.835
[50,70] 44.395
[51,70] 46.999
[52,70] 60.822
[53,70] 69.532
[54,70] 82.635
[55,70] 33.621
[56,70] 53.863
[57,70] 40.482
[58,70] 3.579
[59,70] 99.336
[60,70] 86.49
[61,70] 6.109
[62,70] 93.224
[63,70] 65.184
[64,70] 8.603
[65,70] 14.635
[66,70] 42.126
[67,70] 23.941
[68,70] 64.953
[69,70] 92.731
[71,70] 56.842
[72,70] 17.004
[73,70] 72.609
[74,70] 47.4
[75,70] 84.169
[76,70] 69.83
[77,70] 24.112
[78,70] 49.55
[79,70] 60.797
[80,70] 45.38
[1,71] 30.598
[2,71] 53.873
[3,71] 89.59
[4,71] 20.832
[5,71] 64.52
[6,71] 71.732
[7,71] 24.77
[8,71] 72.157
[9,71] 71.989
[10,71] 67.947
[11,71] 89.749
[12,71] 18.272
[13,71] 76.526
[14,71] 23.547
[15,71] 76.998
[16,71] 66.628
[17,71] 56.012
[18,71] 97.687
[19,71] 35.169
[20,71] 43.128
[21,71] 55.688
[22,71] 40.884
[23,71] 84.785
[24,71] 12.363
[25,71] 34.383
[26,71] 56.238
[27,71] 78.646
[28,71] 68.987
[29,71] 72.302
[30,71] 75.576
[31,71] 83.905
[32,71] 8.103
[33,71] 6.097
[34,71] 58.977
[35,71] 73.933
[36,71] 66.467
[37,71] 14.092
[38,71] 55.298
[39,71] 34.672
[40,71] 53.095
[41,71] 89.19
[42,71] 50.757
[43,71] 53.418
[44,71] 58.631
[45,71] 7.605
[46,71] 29.022
[47,71] 33.378
[48,71] 91.599
[49,71] 10.599
[50,71] 65.55
[51,71] 14.009
[52,71] 72.288
[53,71] 85.958
[54,71] 42.022
[55,71] 38.104
[56,71] 44.531
[57,71] 59.837
[58,71] 35.75
[59,71] 65.957
[60,71] 41.864
[61,71] 1.746
[62,71] 49.436
[63,71] 27.696
[64,71] 84.327
[65,71] 33.207
[66,71] 1.782
[67,71] 83.374
[68,71] 68.695
[69,71] 32.591
[70,71] 78.886
[72,71] 17.278
[73,71] 86.916
[74,71] 81.62
[75,71] 50.488
[76,71] 31.992
[77,71] 43.444
[78,71] 34.249
[79,71] 56.44
[80,71] 71.46
[1,72] 14.576
[2,72] 43.204
[3,72] 10.765
[4,72] 87.091
[5,72] 26.995
[6,72] 28.3
[7,72] 78.25
[8,72] 10.854
[9,72] 17.166
[10,72] 10.577
[11,72] 44.983
[12,72] 1.168
[13,72] 84.714
[14,72] 43.719
[15,72] 76.178
[16,72] 84.771
[17,72] 76.747
[18,72] 20.17
[19,72] 74.234
[20,72] 48.72
[21,72] 35.39
[22,72] 51.156
[23,72] 35.676
[24,72] 57.235
[25,72] 53.581
[26,72] 72.432
[27,72] 22.582
[28,72] 30.839
[29,72] 68.123
[30,72] 79.701
[31,72] 49.757
[32,72] 96.097
[33,72] 30.191
[34,72] 94.906
[35,72] 90.517
[36,72] 29.281
[37,72] 27.355
[38,72] 34.496
[39,72] 82.012
[40,72] 49.708
[41,72] 80.312
[42,72] 74.281
[43,72] 56.098
[44,72] 19.462
[45,72] 98.061
[46,72] 87.625
[47,72] 54.174
[48,72] 81.314
[49,72] 73.633
[50,72] 70.024
[51,72] 60.087
[52,72] 63.034
[53,72] 38.267
[54,72] 68.527
[55,72] 56.66
[56,72] 8.405
[57,72] 43.997
[58,72] 27.558
[59,72] 72.763
[60,72] 3.727
[61,72] 90.548
[62,72] 42.869
[63,72] 87.35
[64,72] 42.497
[65,72] 90.531
[66,72] 4.807
[67,72] 52.925
[68,72] 2.037
[69,72] 98.385
[70,72] 30.795
[71,72] 28.317
[73,72] 22.662
[74,72] 84.061
[75,72] 5.96
[76,72] 48.826
[77,72] 69.415
[78,72] 77.749
[79,72] 56.643
[80,72] 46.781
[1,73] 97.839
[2,73] 38.129
[3,73] 44.172
[4,73] 2.457
[5,73] 6.723
[6,73] 34.672
[7,73] 37.569
[8,73] 97.139
[9,73] 14.213
[10,73] 64.021
[11,73] 76.191
[12,73] 77.876
[13,73] 87.242
[14,73] 73.797
[15,73] 88.085
[16,73] 93.994
[17,73] 29.044
[18,73] 9.152
[19,73] 33.595
[20,73] 34.822
[21,73] 97.766
[22,73] 38.244
[23,73] 36.128
[24,73] 67.661
[25,73] 85.431
[26,73] 34.692
[27,73] 53.979
[28,73] 85.443
[29,73] 10.154
[30,73] 90.732
[31,73] 65.114
[32,73] 95.876
[33,73] 46.279
[34,73] 10.463
[35,73] 90.667
[36,73] 18.236
[37,73] 16.483
[38,73] 32.195
[39,73] 87.335
[40,73] 1.87
[41,73] 96.628
[42,73] 26.94
[43,73] 36.919
[44,73] 11.947
[45,73] 81.892
[46,73] 60.698
[47,73] 56.567
[48,73] 31.687
[49,73] 15.811
[50,73] 55.088
[51,73] 33.774
[52,73] 0.976
[53,73] 95.714
[54,73] 43.926
[55,73] 10.335
[56,73] 43.668
[57,73] 67.463
[58,73] 7.735
[59,73] 84.203
[60,73] 76.342
[61,73] 48.026
[62,73] 60.845
[63,73] 93.063
[64,73] 96.932
[65,73] 2.751
[66,73] 67.348
[67,73] 54.689
[68,73] 24.63
[69,73] 1.211
[70,73] 51.038
[71,73] 52.06
[72,73] 43.853
[74,73] 21.888
[75,73] 93.572
[76,73] 31.574
[77,73] 60.368
[78,73] 11.183
[79,73] 5.197
[80,73] 99.585
[1,74] 71.19
[2,74] 31.374
[3,74] 62.087
[4,74] 11.044
[5,74] 21.533
[6,74] 72.643
[7,74] 18.289
[8,74] 38.528
[9,74] 44.059
[10,74] 41.659
[11,74] 87.114
[12,74] 4.906
[13,74] 33.697
[14,74] 61.477
[15,74] 67.244
[16,74] 34.838
[17,74] 97.519
[18,74] 72.385
[19,74] 2.162
[20,74] 58.396
[21,74] 80.584
[22,74] 10.444
[23,74] 12.273
[24,74] 43.109
[25,74] 46.931
[26,74] 79.436
[27,74] 19.282
[28,74] 61.408
[29,74] 37.234
[30,74] 94.144
[31,74] 22.118
[32,74] 19.641
[33,74] 50.605
[34,74] 38.053
[35,74] 23.251
[36,74] 57.65
[37,74] 35.215
[38,74] 51.247
[39,74] 58.042
[40,74] 98.324
[41,74] 58.753
[42,74] 52.66
[43,74] 82.182
[44,74] 70.845
[45,74] 23.957
[46,74] 12.639
[47,74] 33.578
[48,74] 84.097
[49,74] 16.698
[50,74] 46.383
[51,74] 91.495
[52,74] 73.187
[53,74] 37.082
[54,74] 78.172
[55,74] 65.937
[56,74] 97.214
[57,74] 95.973
[58,74] 34.348
[59,74] 9.909
[60,74] 6.406
[61,74] 16.441
[62,74] 97.075
[63,74] 12.956
[64,74] 54.763
[65,74] 16.264
[66,74] 58.937
[67,74] 4.153
[68,74] 45.989
[69,74] 14.92
[70,74] 60.551
[71,74] 33.824
[72,74] 1.448
[73,74] 63.672
[75,74] 34.346
[76,74] 71.632
[77,74] 84.73
[78,74] 67.995
[79,74] 12.282
[80,74] 63.346
[1,75] 52.198
[2,75] 50.582
[3,75] 62.414
[4,75] 15.468
[5,75] 30.448
[6,75] 75.531
[7,75] 22.378
[8,75] 52.583
[9,75] 24.318
[10,75] 81.145
[11,75] 0.583
[12,75] 53.222
[13,75] 95.904
[14,75] 20.396
[15,75] 85.44
[16,75] 65.48
[17,75] 47.708
[18,75] 59.959
[19,75] 35.903
[20,75] 46.22
[21,75] 80.817
[22,75] 17.591
[23,75] 78.516
[24,75] 75.176
[25,75] 80.975
[26,75] 31.018
[27,75] 72.867
[28,75] 20.838
[29,75] 91.694
[30,75] 43.285
[31,75] 75.341
[32,75] 57.407
[33,75] 67.769
[34,75] 26.009
[35,75] 12.496
[36,75] 20.821
[37,75] 68.057
[38,75] 55.102
[39,75] 89.55
[40,75] 33.615
[41,75] 43.906
[42,75] 90.85
[43,75] 52.534
[44,75] 68.044
[45,75] 83.64
[46,75] 24.588
[47,75] 79.839
[48,75] 15.999
[49,75] 78.82
[50,75] 84.282
[51,75] 35.543
[52,75] 53.17
[53,75] 85.704
[54,75] 98.479
[55,75] 43.294
[56,75] 15.625
[57,75] 43.587
[58,75] 14.576
[59,75] 96.065
[60,75] 38.929
[61,75] 31.78
[62,75] 95.112
[63,75] 93.312
[64,75] 94.94
[65,75] 84.542
[66,75] 17.372
[67,75] 54.409
[68,75] 52.233
[69,75] 26.819
[70,75] 89.767
[71,75] 31.766
[72,75] 87.331
[73,75] 3.076
[74,75] 87.285
[76,75] 91.072
[77,75] 74.271
[78,75] 99.744
[79,75] 58.879
[80,75] 28.997
[1,76] 88.995
[2,76] 51.734
[3,76] 88.281
[4,76] 73.223
[5,76] 37.732
[6,76] 61.125
[7,76] 97.563
[8,76] 30.073
[9,76] 1.554
[10,76] 25.899
[11,76] 27.785
[12,76] 89.325
[13,76] 65.172
[14,76] 32.353
[15,76] 38.748
[16,76] 79.717
[17,76] 5.618
[18,76] 9.036
[19,76] 66.164
[20,76] 40.845
[21,76] 83.355
[22,76] 1.163
[23,76] 97.491
[24,76] 66.242
[25,76] 53.868
[26,76] 30.642
[27,76] 88.353
[28,76] 85.588
[29,76] 3.684
[30,76] 66.159
[31,76] 34.027
[32,76] 4.388
[33,76] 98.48
[34,76] 39.486
[35,76] 57.144
[36,76] 97.07
[37,76] 7.359
[38,76] 66.649
[39,76] 55.285
[40,76] 26.646
[41,76] 92.82
[42,76] 71.32
[43,76] 86.975
[44,76] 4.55
[45,76] 12.737
[46,76] 40.688
[47,76] 44.348
[48,76] 74.666
[49,76] 48.189
[50,76] 64.619
[51,76] 62.703
[52,76] 43.932
[53,76] 69.807
[54,76] 40.397
[55,76] 11.659
[56,76] 64.616
[57,76] 2.851
[58,76] 84.659
[59,76] 72.525
[60,76] 63.801
[61,76] 69.511
[62,76] 63.475
[63,76] 81.803
[64,76] 44.986
[65,76] 85.921
[66,76] 76.984
[67,76] 9.742
[68,76] 53.794
[69,76] 57.721
[70,76] 91.163
[71,76] 41.718
[72,76] 63.278
[73,76] 4.084
[74,76] 53.528
[75,76] 30.429
[77,76] 73.972
[78,76] 3.86
[79,76] 32.05
[80,76] 76.767
[1,77] 38.115
[2,77] 66.744
[3,77] 83.504
[4,77] 14.23
[5,77] 53.799
[6,77] 8.03
[7,77] 83.877
[8,77] 7.307
[9,77] 92.452
[10,77] 24.198
[11,77] 15.256
[12,77] 36.52
[13,77] 71.992
[14,77] 51.778
[15,77] 24.175
[16,77] 69.524
[17,77] 29.719
[18,77] 38.547
[19,77] 27.114
[20,77] 83.873
[21,77] 34.188
[22,77] 13.785
[23,77] 30.016
[24,77] 64.083
[25,77] 1.583
[26,77] 22.333
[27,77] 38.315
[28,77] 22.838
[29,77] 74.187
[30,77] 59.333
[31,77] 9.145
[32,77] 71.585
[33,77] 5.236
[34,77] 84.66
[35,77] 57.839
[36,77] 35.274
[37,77] 72.972
[38,77] 25.451
[39,77] 30.346
[40,77] 30.397
[41,77] 28.079
[42,77] 3.063
[43,77] 43.407
[44,77] 16.447
[45,77] 69.496
[46,77] 39.043
[47,77] 1.06
[48,77] 98.281
[49,77] 44.033
[50,77] 19.988
[51,77] 6.371
[52,77] 27.657
[53,77] 42.062
[54,77] 68.947
[55,77] 71.852
[56,77] 50.145
[57,77] 72.804
[58,77] 61.477
[59,77] 59.469
[60,77] 95.339
[61,77] 46.062
[62,77] 75.907
[63,77] 10.113
[64,77] 79.483
[65,77] 43.118
[66,77] 60.843
[67,77] 66.337
[68,77] 64.063
[69,77] 10.769
[70,77] 54.976
[71,77] 76.043
[72,77] 8.114
[73,77] 73.09
[74,77] 17.012
[75,77] 51.406
[76,77] 35.118
[78,77] 18.697
[79,77] 72.767
[80,77] 81.995
[1,78] 30.852
[2,78] 98.207
[3,78] 18.111
[4,78] 69.816
[5,78] 60.533
[6,78] 51.305
[7,78] 17.415
[8,78] 55.129
[9,78] 92.969
[10,78] 61.709
[11,78] 44.102
[12,78] 98.377
[13,78] 91.252
[14,78] 50.983
[15,78] 85.876
[16,78] 74.233
[17,78] 6.457
[18,78] 14.718
[19,78] 22.223
[20,78] 39.051
[21,78] 93.552
[22,78] 51.684
[23,78] 77.602
[24,78] 30.092
[25,78] 32.619
[26,78] 81.071
[27,78] 85.228
[28,78] 3.42
[29,78] 49.199
[30,78] 33.963
[31,78] 62.406
[32,78] 2.217
[33,78] 10.327
[34,78] 83.683
[35,78] 34.797
[36,78] 26.795
[37,78] 48.364
[38,78] 85.502
[39,78] 97.777
[40,78] 91.678
[41,78] 34.209
[42,78] 65.377
[43,78] 41.901
[44,78] 43.275
[45,78] 40.718
[46,78] 34.722
[47,78] 96.285
[48,78] 47.46
[49,78] 48.478
[50,78] 34.131
[51,78] 15.024
[52,78] 37.804
[53,78] 34.541
[54,78] 16.075
[55,78] 19.664
[56,78] 69.972
[57,78] 50.401
[58,78] 95.021
[59,78] 19.96
[60,78] 74.418
[61,78] 30.884
[62,78] 48.314
[63,78] 56.153
[64,78] 61.847
[65,78] 6.151
[66,78] 63.419
[67,78] 7.204
[68,78] 31.057
[69,78] 83.465
[70,78] 48.321
[71,78] 55.611
[72,78] 13.372
[73,78] 10.314
[74,78] 30.859
[75,78] 21.842
[76,78] 4.989
[77,78] 65.738
[79,78] 56.289
[80,78] 81.994
[1,79] 33.893
[2,79] 11.469
[3,79] 33.236
[4,79] 5.187
[5,79] 49.031
[6,79] 76.291
[7,79] 75.238
[8,79] 10.012
[9,79] 46.759
[10,79] 84.211
[11,79] 85.766
[12,79] 69.798
[13,79] 54.701
[14,79] 14.395
[15,79] 74.925
[16,79] 40.513
[17,79] 42.627
[18,79] 11.67
[19,79] 73.067
[20,79] 76.224
[21,79] 93.204
[22,79] 53.487
[23,79] 93.72
[24,79] 28.449
[25,79] 73.6
[26,79] 83.126
[27,79] 75.799
[28,79] 23.498
[29,79] 79.615
[30,79] 84.616
[31,79] 12.39
[32,79] 41.026
[33,79] 54.243
[34,79] 18.277
[35,79] 72.062
[36,79] 31.291
[37,79] 49.95
[38,79] 31.381
[39,79] 90.873
[40,79] 56.437
[41,79] 11.806
[42,79] 43.096
[43,79] 17.342
[44,79] 19.096
[45,79] 6.345
[46,79] 11.104
[47,79] 13.411
[48,79] 13.287
[49,79] 12.168
[50,79] 58.131
[51,79] 75.304
[52,79] 29.56
[53,79] 76.02
[54,79] 5.844
[55,79] 2.251
[56,79] 25.399
[57,79] 86.382
[58,79] 6.557
[59,79] 92.01
[60,79] 65.883
[61,79] 44.287
[62,79] 98.858
[63,79] 96.121
[64,79] 31.977
[65,79] 13.064
[66,79] 26.694
[67,79] 3.167
[68,79] 23.193
[69,79] 16.597
[70,79] 48.752
[71,79] 78.251
[72,79] 37.967
[73,79] 77.162
[74,79] 21.394
[75,79] 31.451
[76,79] 72.41
[77,79] 66.399
[78,79] 57.638
[80,79] 85.421
[1,80] 1.523
[2,80] 92.309
[3,80] 62.614
[4,80] 17.677
[5,80] 50.216
[6,80] 15.91
[7,80] 47.675
[8,80] 35.535
[9,80] 84.751
[10,80] 52.681
[11,80] 79.234
[12,80] 20.613
[13,80] 5.374
[14,80] 67.997
[15,80] 23.467
[16,80] 53.864
[17,80] 43.34
[18,80] 34.396
[19,80] 7.816
[20,80] 37.923
[21,80] 33.658
[22,80] 42.598
[23,80] 87.426
[24,80] 20.76
[25,80] 50.418
[26,80] 2.51
[27,80] 55.118
[28,80] 7.928
[29,80] 93.785
[30,80] 24.863
[31,80] 92.333
[32,80] 97.081
[33,80] 45.484
[34,80] 85.411
[35,80] 35.13
[36,80] 38.382
[37,80] 78.61
[38,80] 61.513
[39,80] 69.47
[40,80] 47.418
[41,80] 32.348
[42,80] 43.864
[43,80] 68.346
[44,80] 16.512
[45,80] 85.264
[46,80] 98.964
[47,80] 96.299
[48,80] 38.929
[49,80] 8.337
[50,80] 98.752
[51,80] 27.754
[52,80] 69.295
[53,80] 61.319
[54,80] 53.156
[55,80] 81.271
[56,80] 37.467
[57,80] 9.774
[58,80] 96.775
[59,80] 99.826
[60,80] 77.572
[61,80] 35.364
[62,80] 85.273
[63,80] 49.987
[64,80] 9.176
[65,80] 62.115
[66,80] 98.212
[67,80] 2.966
[68,80] 91.252
[69,80] 13.334
[70,80] 18.953
[71,80] 5.288
[72,80] 40.941
[73,80] 39.497
[74,80] 93.365
[75,80] 99.221
[76,80] 34.38
[77,80] 98.38
[78,80] 53.549
[79,80] 10.744
;
