# SOLUCION
1 80
2 37
3 40
4 73
5 43
6 49
7 4
8 15
9 68
10 21
11 75
12 58
13 36
14 3
15 65
16 44
17 24
18 14
19 57
20 54
21 46
22 76
23 39
24 48
25 33
26 11
27 32
28 41
29 69
30 62
31 56
32 8
33 61
34 47
35 31
36 34
37 12
38 70
39 17
40 53
41 2
42 52
43 50
44 45
45 55
46 26
47 77
48 19
49 27
50 16
51 60
52 1
53 10
54 63
55 79
56 22
57 25
58 51
59 9
60 72
61 28
62 7
63 29
64 20
65 23
66 71
67 30
68 67
69 35
70 59
71 6
72 74
73 64
74 18
75 13
76 78
77 38
78 5
79 42
80 66
# METRICAS
solve_time 2.375000
obj 177.685000
bestbound 177.678923
gap 0.000034
