# SOLUCION
1 66
66 71
71 6
6 49
49 27
27 23
23 39
39 17
17 24
24 48
48 19
19 57
57 25
25 33
33 61
61 28
28 41
41 2
2 8
8 30
30 18
18 14
14 3
3 40
40 53
53 59
59 9
9 68
68 67
67 80
80 35
35 31
31 56
56 22
22 76
76 10
10 21
21 46
46 26
26 11
11 62
62 7
7 4
4 73
73 75
75 13
13 36
36 34
34 47
47 77
77 38
38 70
70 63
63 29
29 69
69 37
37 12
12 58
58 51
51 60
60 72
72 74
74 64
64 20
20 54
54 32
32 78
78 5
5 43
43 50
50 16
16 44
44 45
45 55
55 79
79 15
15 65
65 42
42 52
52 1
# METRICAS
solve_time 304.156000
obj 209.170000
bestbound 176.234784
gap 0.157457
