# GRAFO
1 5 10.000000
1 7 11.000000
1 19 4.000000
2 3 12.000000
2 10 10.000000
2 14 12.000000
3 5 6.000000
3 13 7.000000
3 14 11.000000
4 10 7.000000
5 13 9.000000
5 15 7.000000
5 17 8.000000
6 17 6.000000
7 11 4.000000
7 12 3.000000
7 14 5.000000
7 20 10.000000
8 15 11.000000
8 16 8.000000
9 18 3.000000
9 20 6.000000
10 16 7.000000
10 18 11.000000
11 17 7.000000
13 15 10.000000
13 19 6.000000
14 19 3.000000
15 17 11.000000
16 20 7.000000
17 19 3.000000
18 20 7.000000
1 2 6.000000
3 4 12.000000
4 5 12.000000
5 6 11.000000
6 7 10.000000
7 8 7.000000
8 9 7.000000
9 10 8.000000
10 11 8.000000
11 12 4.000000
12 13 4.000000
13 14 10.000000
14 15 6.000000
15 16 12.000000
16 17 10.000000
17 18 7.000000
18 19 7.000000
19 20 10.000000
20 21 10.000000
# REQUERIDOS
1
2
3
5
8
14
