# GRAFO
1 2 66.496000
1 3 43.262000
1 4 16.690000
1 5 23.413000
1 6 77.640000
1 7 69.263000
1 8 66.095000
1 9 79.522000
1 10 98.890000
1 11 10.693000
1 12 49.129000
1 13 56.489000
1 14 29.858000
1 15 80.651000
1 16 86.065000
1 17 60.143000
1 18 25.425000
1 19 18.364000
1 20 60.003000
2 1 34.912000
2 3 46.561000
2 4 73.521000
2 5 68.787000
2 6 15.422000
2 7 24.815000
2 8 42.552000
2 9 31.140000
2 10 5.224000
2 11 17.512000
2 12 73.131000
2 13 42.064000
2 14 18.921000
2 15 10.603000
2 16 50.755000
2 17 33.045000
2 18 24.659000
2 19 88.480000
2 20 37.199000
3 1 15.050000
3 2 44.007000
3 4 2.986000
3 5 76.726000
3 6 7.936000
3 7 57.796000
3 8 7.950000
3 9 64.657000
3 10 38.529000
3 11 29.297000
3 12 2.315000
3 13 92.066000
3 14 29.955000
3 15 11.581000
3 16 55.876000
3 17 26.259000
3 18 55.266000
3 19 34.721000
3 20 12.084000
4 1 5.011000
4 2 67.950000
4 3 16.752000
4 5 66.117000
4 6 32.344000
4 7 84.667000
4 8 69.752000
4 9 41.230000
4 10 25.040000
4 11 55.855000
4 12 21.200000
4 13 65.378000
4 14 13.458000
4 15 89.564000
4 16 76.505000
4 17 36.461000
4 18 58.003000
4 19 40.564000
4 20 79.114000
5 1 98.113000
5 2 13.638000
5 3 49.765000
5 4 47.674000
5 6 83.254000
5 7 74.275000
5 8 89.757000
5 9 96.038000
5 10 34.203000
5 11 88.132000
5 12 64.014000
5 13 9.680000
5 14 84.591000
5 15 16.500000
5 16 67.674000
5 17 30.023000
5 18 34.410000
5 19 40.229000
5 20 99.976000
6 1 30.779000
6 2 25.445000
6 3 57.218000
6 4 0.489000
6 5 49.536000
6 7 45.533000
6 8 60.830000
6 9 32.340000
6 10 98.701000
6 11 10.943000
6 12 80.225000
6 13 9.264000
6 14 12.455000
6 15 7.361000
6 16 30.172000
6 17 49.396000
6 18 20.361000
6 19 75.919000
6 20 77.015000
7 1 62.226000
7 2 67.313000
7 3 34.786000
7 4 85.932000
7 5 82.220000
7 6 84.938000
7 8 43.110000
7 9 13.453000
7 10 53.511000
7 11 11.673000
7 12 2.882000
7 13 75.868000
7 14 67.188000
7 15 70.380000
7 16 77.498000
7 17 35.119000
7 18 88.795000
7 19 65.603000
7 20 1.680000
8 1 3.981000
8 2 88.849000
8 3 73.007000
8 4 38.806000
8 5 0.036000
8 6 58.463000
8 7 50.390000
8 9 2.406000
8 10 79.024000
8 11 7.381000
8 12 35.616000
8 13 62.429000
8 14 30.004000
8 15 81.593000
8 16 16.308000
8 17 58.389000
8 18 62.735000
8 19 72.595000
8 20 26.344000
9 1 78.559000
9 2 3.524000
9 3 7.684000
9 4 15.867000
9 5 6.729000
9 6 36.964000
9 7 88.698000
9 8 23.925000
9 10 42.804000
9 11 41.347000
9 12 69.654000
9 13 32.979000
9 14 90.124000
9 15 37.694000
9 16 25.169000
9 17 11.393000
9 18 36.946000
9 19 12.495000
9 20 25.553000
10 1 97.897000
10 2 76.746000
10 3 41.685000
10 4 97.065000
10 5 90.162000
10 6 72.839000
10 7 21.398000
10 8 95.244000
10 9 20.118000
10 11 10.960000
10 12 69.940000
10 13 6.881000
10 14 99.408000
10 15 67.542000
10 16 77.348000
10 17 40.649000
10 18 97.672000
10 19 13.777000
10 20 69.575000
11 1 46.647000
11 2 82.187000
11 3 91.799000
11 4 99.876000
11 5 96.956000
11 6 70.452000
11 7 88.835000
11 8 25.176000
11 9 92.109000
11 10 15.551000
11 12 44.288000
11 13 34.481000
11 14 60.794000
11 15 15.712000
11 16 15.951000
11 17 49.929000
11 18 92.274000
11 19 50.854000
11 20 46.890000
12 1 90.761000
12 2 95.642000
12 3 67.612000
12 4 75.711000
12 5 61.772000
12 6 55.532000
12 7 85.723000
12 8 42.525000
12 9 78.274000
12 10 36.250000
12 11 67.085000
12 13 94.942000
12 14 33.160000
12 15 39.860000
12 16 12.877000
12 17 70.135000
12 18 26.445000
12 19 81.180000
12 20 62.232000
13 1 13.597000
13 2 17.788000
13 3 42.584000
13 4 77.608000
13 5 25.134000
13 6 21.718000
13 7 97.870000
13 8 87.341000
13 9 24.698000
13 10 12.599000
13 11 4.354000
13 12 77.472000
13 14 8.857000
13 15 70.222000
13 16 10.377000
13 17 47.668000
13 18 21.053000
13 19 82.545000
13 20 43.915000
14 1 57.454000
14 2 98.146000
14 3 95.391000
14 4 38.926000
14 5 14.642000
14 6 96.027000
14 7 41.038000
14 8 33.247000
14 9 98.255000
14 10 0.247000
14 11 64.584000
14 12 56.977000
14 13 37.315000
14 15 60.555000
14 16 65.522000
14 17 23.083000
14 18 41.646000
14 19 32.003000
14 20 59.074000
15 1 30.455000
15 2 21.907000
15 3 80.051000
15 4 58.309000
15 5 0.452000
15 6 27.030000
15 7 55.292000
15 8 52.625000
15 9 66.918000
15 10 24.194000
15 11 54.606000
15 12 14.974000
15 13 81.456000
15 14 32.487000
15 16 26.091000
15 17 96.909000
15 18 71.536000
15 19 59.845000
15 20 96.894000
16 1 95.138000
16 2 2.666000
16 3 56.458000
16 4 7.195000
16 5 64.601000
16 6 23.496000
16 7 25.416000
16 8 93.145000
16 9 21.508000
16 10 62.139000
16 11 10.498000
16 12 72.294000
16 13 44.229000
16 14 37.189000
16 15 14.269000
16 17 95.929000
16 18 64.710000
16 19 24.596000
16 20 24.966000
17 1 88.860000
17 2 8.634000
17 3 54.176000
17 4 99.551000
17 5 26.609000
17 6 92.119000
17 7 75.208000
17 8 44.832000
17 9 48.859000
17 10 35.550000
17 11 32.277000
17 12 13.149000
17 13 21.663000
17 14 3.665000
17 15 17.319000
17 16 49.425000
17 18 8.429000
17 19 24.025000
17 20 31.215000
18 1 41.471000
18 2 43.812000
18 3 40.795000
18 4 87.803000
18 5 61.849000
18 6 59.991000
18 7 30.745000
18 8 10.698000
18 9 52.173000
18 10 80.991000
18 11 66.466000
18 12 13.566000
18 13 75.217000
18 14 14.384000
18 15 3.958000
18 16 35.643000
18 17 48.035000
18 19 22.876000
18 20 18.128000
19 1 16.508000
19 2 96.029000
19 3 12.990000
19 4 67.798000
19 5 37.887000
19 6 74.121000
19 7 45.921000
19 8 70.296000
19 9 62.631000
19 10 93.505000
19 11 65.880000
19 12 48.093000
19 13 79.235000
19 14 41.664000
19 15 67.333000
19 16 66.188000
19 17 52.125000
19 18 62.749000
19 20 98.334000
20 1 12.934000
20 2 97.366000
20 3 8.358000
20 4 25.040000
20 5 54.494000
20 6 71.967000
20 7 64.200000
20 8 53.760000
20 9 88.841000
20 10 72.942000
20 11 6.178000
20 12 36.215000
20 13 36.298000
20 14 21.583000
20 15 22.953000
20 16 63.692000
20 17 80.715000
20 18 22.681000
20 19 7.617000
