# SOLUCION
1 34
2 15
3 45
4 33
5 26
6 58
7 12
8 39
9 14
10 36
11 7
12 23
13 30
14 49
15 56
16 18
17 1
18 5
19 31
20 29
21 54
22 2
23 52
24 55
25 43
26 60
27 17
28 57
29 27
30 25
31 24
32 16
33 22
34 41
35 32
36 11
37 59
38 51
39 10
40 3
41 37
42 53
43 20
44 28
45 38
46 47
47 50
48 4
49 35
50 21
51 46
52 44
53 9
54 13
55 42
56 6
57 40
58 8
59 19
60 48
# METRICAS
solve_time 72.282000
obj 150.088000
bestbound 150.088000
gap 0.000000
