# GRAFO
1 2 53.018000
1 3 20.672000
1 4 98.955000
1 5 25.662000
1 6 70.558000
1 7 93.970000
1 8 15.307000
1 9 33.279000
1 10 16.411000
2 1 23.166000
2 3 78.856000
2 4 82.853000
2 5 92.810000
2 6 13.553000
2 7 20.262000
2 8 52.277000
2 9 50.019000
2 10 39.249000
3 1 59.998000
3 2 30.639000
3 4 33.773000
3 5 34.467000
3 6 73.432000
3 7 77.348000
3 8 42.551000
3 9 78.703000
3 10 6.400000
4 1 43.721000
4 2 7.925000
4 3 15.628000
4 5 5.211000
4 6 13.074000
4 7 75.169000
4 8 77.162000
4 9 93.303000
4 10 70.954000
5 1 80.160000
5 2 19.076000
5 3 67.324000
5 4 88.137000
5 6 70.935000
5 7 8.008000
5 8 24.314000
5 9 72.996000
5 10 27.039000
6 1 38.462000
6 2 84.989000
6 3 94.566000
6 4 87.886000
6 5 96.607000
6 7 64.027000
6 8 10.808000
6 9 56.419000
6 10 48.400000
7 1 0.018000
7 2 95.828000
7 3 3.525000
7 4 55.443000
7 5 37.444000
7 6 29.814000
7 8 76.650000
7 9 53.869000
7 10 37.431000
8 1 62.201000
8 2 20.751000
8 3 88.149000
8 4 40.972000
8 5 38.211000
8 6 32.351000
8 7 7.524000
8 9 36.795000
8 10 70.922000
9 1 51.445000
9 2 82.088000
9 3 81.423000
9 4 5.714000
9 5 22.526000
9 6 85.355000
9 7 40.018000
9 8 89.638000
9 10 60.740000
10 1 94.443000
10 2 53.110000
10 3 83.071000
10 4 25.371000
10 5 62.717000
10 6 70.659000
10 7 82.967000
10 8 35.893000
10 9 99.452000
