# SOLUCION
1 18
2 25
3 80
4 30
5 16
6 36
7 75
8 11
9 97
10 92
11 40
12 41
13 3
14 54
15 87
16 95
17 66
18 37
19 86
20 73
21 4
22 23
23 21
24 81
25 17
26 1
27 93
28 52
29 65
30 100
31 74
32 51
33 32
34 63
35 85
36 83
37 27
38 15
39 24
40 34
41 31
42 55
43 14
44 46
45 58
46 61
47 70
48 7
49 67
50 99
51 12
52 59
53 90
54 45
55 38
56 82
57 39
58 57
59 68
60 76
61 28
62 42
63 5
64 47
65 62
66 49
67 44
68 78
69 91
70 84
71 2
72 8
73 22
74 88
75 98
76 6
77 33
78 60
79 69
80 89
81 10
82 50
83 79
84 77
85 56
86 35
87 9
88 94
89 20
90 64
91 48
92 53
93 13
94 71
95 29
96 26
97 19
98 96
99 43
100 72
# METRICAS
solve_time 3.703000
obj 176.614000
bestbound 176.614000
gap 0.000000
