# SOLUCION
1 18
18 37
37 27
27 93
93 72
72 73
73 22
22 23
23 21
21 4
4 30
30 100
100 11
11 40
40 34
34 63
63 5
5 16
16 95
95 29
29 65
65 62
62 42
42 55
55 38
38 15
15 87
87 9
9 97
97 19
19 86
86 13
13 3
3 80
80 89
89 20
20 90
90 64
64 47
47 70
70 84
84 77
77 33
33 32
32 51
51 12
12 41
41 31
31 74
74 88
88 8
8 2
2 25
25 17
17 66
66 49
49 67
67 44
44 46
46 61
61 28
28 52
52 59
59 68
68 78
78 60
60 76
76 6
6 85
85 56
56 82
82 50
50 99
99 43
43 14
14 54
54 45
45 58
58 57
57 39
39 24
24 81
81 10
10 92
92 53
53 36
36 83
83 79
79 69
69 35
35 94
94 71
71 91
91 48
48 7
7 75
75 98
98 96
96 26
26 1
# METRICAS
solve_time 308.516000
obj 188.804000
bestbound 175.867269
gap 0.068519
